id	x	y	z
0	373.2108459472656	1394.30908203125	18.61392593383789
1	389.9396667480469	1255.620849609375	21.597396850585938
2	422.8532409667969	1192.0819091796875	25.357755661010742
3	515.4823303222656	1330.428955078125	29.18546485900879
4	563.479248046875	1299.045654296875	33.289119720458984
5	365.519287109375	1292.1297607421875	38.052574157714844
6	394.0306091308594	1083.225341796875	42.54161834716797
7	539.3154296875	1174.332275390625	43.95193099975586
8	565.4447021484375	1043.3494873046875	48.2161750793457
