id	x	y	z
0	154.2560272216797	1435.21142578125	13.86440372467041
1	726.9212036132812	1879.0140380859375	22.272533416748047
2	655.8280639648438	1670.786376953125	25.434293746948242
3	772.9307250976562	1682.0301513671875	30.560205459594727
4	363.0558166503906	897.8021850585938	32.334556579589844
5	806.6964721679688	1873.73095703125	31.690101623535156
6	430.3695068359375	1282.7864990234375	33.45061111450195
7	388.5251770019531	1340.8040771484375	32.909576416015625
8	343.452392578125	1369.361328125	33.15434265136719
9	472.5440368652344	1292.3133544921875	33.963157653808594
10	336.990478515625	1314.3704833984375	34.3409309387207
11	447.64495849609375	1344.21728515625	34.21204376220703
12	367.2038879394531	1401.4456787109375	34.15888977050781
13	485.28741455078125	1747.50927734375	34.09801483154297
14	472.30682373046875	1201.9830322265625	35.25362777709961
15	530.1144409179688	1223.5189208984375	35.29819107055664
16	457.5980224609375	1246.2030029296875	34.905941009521484
17	485.76654052734375	1251.4866943359375	35.357032775878906
18	399.6119079589844	1261.4805908203125	35.10620880126953
19	376.6568298339844	1290.23828125	35.01986312866211
20	490.7657775878906	1315.5572509765625	34.88300704956055
21	423.76043701171875	1380.5699462890625	35.206783294677734
22	411.9887390136719	1201.764892578125	36.40260696411133
23	304.6099548339844	1279.202392578125	35.45975875854492
24	540.06103515625	1279.0234375	35.58138656616211
25	525.5858764648438	1308.536376953125	35.79585266113281
26	282.10809326171875	1341.5081787109375	36.28677749633789
27	298.5799865722656	1388.7315673828125	36.289207458496094
28	364.7735900878906	1204.472412109375	37.28512954711914
29	367.5580139160156	1324.267578125	36.81098937988281
30	496.9875793457031	1147.9822998046875	37.69984436035156
31	640.514404296875	1146.113525390625	38.220542907714844
32	609.4300537109375	1169.7340087890625	38.087398529052734
33	585.870849609375	1204.0693359375	37.884910583496094
34	546.5109252929688	1254.4176025390625	39.54488754272461
35	268.76251220703125	1262.494384765625	38.599632263183594
36	560.0247802734375	1310.5732421875	39.02397537231445
37	496.0888977050781	1384.9541015625	38.83112716674805
38	453.9230651855469	1415.6505126953125	38.79122543334961
39	402.9418029785156	1443.22607421875	38.65168380737305
40	635.4386596679688	1116.432861328125	40.04051971435547
41	370.8860168457031	1158.124267578125	40.436466217041016
42	539.4555053710938	1153.0985107421875	40.17210388183594
43	436.3074035644531	1193.81298828125	40.190250396728516
44	483.3278503417969	1197.2113037109375	39.75754165649414
45	424.8896179199219	1227.7659912109375	39.496063232421875
46	616.294677734375	1246.3817138671875	39.80112838745117
47	346.6918640136719	1284.2467041015625	39.60149383544922
48	555.3761596679688	1336.469970703125	40.066680908203125
49	558.647216796875	1091.2684326171875	41.17977523803711
50	337.14166259765625	1345.24267578125	40.78542709350586
51	323.5171813964844	1417.8438720703125	40.56218719482422
52	369.8395080566406	1438.0732421875	41.42453384399414
53	597.0977783203125	1049.17041015625	42.362701416015625
54	437.9508056640625	1098.8250732421875	42.24090576171875
55	610.4209594726562	1108.4217529296875	42.53488540649414
56	660.3116455078125	1106.6971435546875	42.22664260864258
57	685.8120727539062	1163.0985107421875	42.50907897949219
58	308.6907043457031	1197.092529296875	42.06315612792969
59	296.4815673828125	1236.7257080078125	42.52738952636719
60	416.67889404296875	1290.4991455078125	42.31438446044922
61	467.9464111328125	1326.743408203125	41.621551513671875
62	442.5583190917969	1369.76904296875	42.27601623535156
63	561.1512451171875	1026.0642700195312	43.41691970825195
64	495.56365966796875	1076.782958984375	43.043617248535156
65	463.2786560058594	1160.989990234375	43.009422302246094
66	389.4557800292969	1186.09423828125	43.330482482910156
67	427.6688232421875	1230.101806640625	43.08024597167969
68	609.0838012695312	1279.2674560546875	43.22106170654297
69	640.8026123046875	1274.4415283203125	43.03571701049805
70	377.55096435546875	1368.0882568359375	43.148258209228516
71	474.3917541503906	1417.33447265625	42.8830680847168
72	694.8995361328125	1013.3433837890625	44.2006721496582
73	536.5789794921875	1098.3157958984375	44.48680114746094
74	340.8599853515625	1160.8157958984375	44.116294860839844
75	255.5006103515625	1287.8592529296875	44.154502868652344
76	279.49713134765625	1378.115966796875	44.111412048339844
77	332.15960693359375	1422.2547607421875	44.402671813964844
78	463.24188232421875	1066.8597412109375	45.17224884033203
79	316.3984069824219	1298.173828125	44.751155853271484
80	548.9016723632812	1365.9136962890625	44.7723503112793
81	435.4186706542969	1427.0679931640625	45.13435363769531
82	573.9189453125	1063.283203125	45.668949127197266
83	659.5532836914062	1094.7860107421875	46.09673309326172
84	428.1697082519531	1116.9342041015625	45.86626052856445
85	545.2787475585938	1169.6585693359375	45.87424087524414
86	505.0738220214844	1219.662109375	46.15085220336914
87	681.1771240234375	1226.248779296875	45.81355667114258
88	361.34393310546875	1234.5635986328125	45.62654495239258
89	610.7089233398438	1316.0489501953125	46.15337371826172
90	271.507080078125	1338.2022705078125	45.951141357421875
91	534.5242309570312	1013.4151000976562	46.79546356201172
92	563.2596435546875	1008.1707153320312	46.77633285522461
93	600.2119750976562	1008.360107421875	47.336212158203125
94	567.4625244140625	1170.3302001953125	46.54417419433594
95	632.42138671875	1207.013671875	47.19907760620117
96	280.8231506347656	1246.22265625	46.84725570678711
97	492.5868835449219	1252.43212890625	46.58753204345703
98	336.77978515625	1278.505859375	46.70327377319336
99	613.4364624023438	1287.5224609375	47.556705474853516
100	443.68536376953125	1293.77685546875	46.688629150390625
101	411.25628662109375	1359.459716796875	47.40809631347656
102	503.8174133300781	1055.59716796875	47.33324432373047
103	552.7842407226562	1111.1092529296875	48.40833282470703
104	379.94183349609375	1133.103271484375	47.67800521850586
105	456.4504699707031	1162.720703125	48.02312088012695
106	649.9783935546875	1283.64111328125	47.55230712890625
107	368.6784362792969	1326.3768310546875	47.6515998840332
108	316.0755920410156	1202.8909912109375	49.00303649902344
109	442.5160217285156	1254.58056640625	49.4401741027832
110	577.9743041992188	1248.221923828125	48.931026458740234
111	555.0150756835938	1291.2547607421875	49.407806396484375
112	438.4477233886719	1330.5206298828125	48.8249397277832
113	306.218017578125	1374.5487060546875	49.387386322021484
114	527.8301391601562	1375.150634765625	49.64065933227539
115	372.67596435546875	1423.722900390625	48.90349578857422
116	443.7267150878906	1066.0716552734375	50.2586555480957
117	634.9017944335938	1138.5784912109375	50.1925048828125
118	699.719482421875	1181.0177001953125	49.66475296020508
119	522.3734130859375	1010.9963989257812	51.43143844604492
120	687.8275756835938	1077.9464111328125	51.454166412353516
121	421.2426452636719	1089.0458984375	50.801719665527344
122	627.5	1099.5	51.0
123	597.3887329101562	1106.2491455078125	50.98394012451172
124	693.6472778320312	1128.7459716796875	51.289005279541016
125	522.2940063476562	1137.9578857421875	50.86626052856445
126	388.5176086425781	1201.7789306640625	50.83967971801758
127	471.48724365234375	1205.1190185546875	50.502079010009766
128	617.0182495117188	1217.404541015625	51.10806655883789
129	668.2199096679688	1227.132080078125	51.12881851196289
130	377.99072265625	1249.1806640625	50.52565383911133
131	503.1753234863281	1270.6363525390625	51.08775329589844
132	471.9989929199219	1305.4185791015625	51.294673919677734
133	313.7940673828125	1317.767822265625	51.226844787597656
134	469.0606994628906	1399.3306884765625	50.66871643066406
135	409.1982116699219	1408.15380859375	51.30711364746094
136	506.1668701171875	1017.8905639648438	53.1708984375
137	598.6130981445312	1022.3052978515625	52.264259338378906
138	646.970947265625	1027.1841430664062	52.346736907958984
139	475.36822509765625	1130.2137451171875	51.604835510253906
140	359.7908020019531	1158.5343017578125	51.82674789428711
141	524.0830078125	1195.6697998046875	52.16313552856445
142	424.2849426269531	1287.419677734375	51.847007751464844
143	595.85400390625	1301.2294921875	52.408782958984375
144	342.91497802734375	1378.10791015625	52.38882827758789
145	790.2962036132812	1518.4967041015625	52.466026306152344
146	545.173095703125	1015.3736572265625	52.78358459472656
147	569.0964965820312	1209.5389404296875	52.64116287231445
148	419.8469543457031	1231.197998046875	53.284271240234375
149	539.2582397460938	1245.539794921875	53.177371978759766
150	474.024658203125	1272.5821533203125	52.81800079345703
151	558.3795166015625	1335.5709228515625	52.56890869140625
152	525.7880249023438	1365.334716796875	52.634578704833984
153	328.3749694824219	1725.9801025390625	52.652366638183594
154	395.3756408691406	1135.05224609375	54.08738708496094
155	446.6290283203125	1180.2293701171875	54.04951095581055
156	337.595458984375	1254.844970703125	54.449222564697266
157	650.3873901367188	1031.4361572265625	53.8045654296875
158	578.46484375	1045.777587890625	55.34767150878906
159	495.6077575683594	1166.59912109375	55.32175064086914
160	506.0578918457031	1219.05712890625	54.539676666259766
161	361.8746032714844	1292.152099609375	55.30078887939453
162	440.3594055175781	1369.4224853515625	55.291473388671875
163	522.3260498046875	1017.9564208984375	56.06088638305664
164	427.0011901855469	1115.418701171875	55.967430114746094
165	575.914794921875	1172.9327392578125	55.93796920776367
166	380.1022644042969	1188.6129150390625	56.34794235229492
167	621.0158081054688	1269.0699462890625	55.64569854736328
168	378.35107421875	1340.3717041015625	55.585994720458984
169	490.4176940917969	1342.8817138671875	56.40978240966797
170	484.9305725097656	1053.84619140625	57.4765510559082
171	449.9547119140625	1083.352783203125	56.9420166015625
172	376.7801513671875	1234.2877197265625	56.96580505371094
173	574.429443359375	1284.8497314453125	56.89011001586914
174	607.6986083984375	1032.904541015625	57.66960906982422
175	500.1326904296875	1090.47216796875	58.07994079589844
176	418.4692687988281	1185.086181640625	57.788665771484375
177	410.9383544921875	1293.5450439453125	57.6295280456543
178	520.1129150390625	1079.878173828125	58.956695556640625
179	665.9984130859375	1082.455810546875	58.8738899230957
180	644.2108764648438	1190.0523681640625	58.94847869873047
181	550.7446899414062	1205.575927734375	59.30290603637695
182	412.0718078613281	1237.31591796875	58.604034423828125
183	463.09478759765625	1244.5479736328125	59.42641067504883
184	504.62957763671875	1285.5560302734375	59.2276496887207
185	449.78533935546875	1294.0760498046875	58.891544342041016
186	583.3158569335938	1079.0302734375	59.79362106323242
187	629.0429077148438	1112.5682373046875	60.0031623840332
188	492.1645812988281	1125.5284423828125	60.06914138793945
189	598.7997436523438	1196.063720703125	60.071807861328125
190	575.0165405273438	1236.404296875	59.55353927612305
191	531.32470703125	1252.131591796875	60.2459602355957
192	632.422119140625	1144.6197509765625	60.873817443847656
193	469.7849426269531	1183.2276611328125	61.00955581665039
194	560.4384765625	1117.5072021484375	61.92654037475586
195	522.685546875	1157.0394287109375	61.996421813964844
