id	x	y	z
0	484.4213562011719	1270.30517578125	6.512027740478516
1	435.1500549316406	1298.8916015625	6.143296718597412
2	379.14337158203125	1338.5396728515625	6.878847599029541
3	324.5694274902344	1240.411376953125	8.133465766906738
4	435.64044189453125	1344.012451171875	7.493169784545898
5	478.6831359863281	1229.868896484375	9.098917961120605
6	499.10382080078125	1319.529052734375	8.731734275817871
7	325.8753662109375	1292.2943115234375	9.59902572631836
8	346.99798583984375	1334.0517578125	9.670557022094727
9	382.46539306640625	1146.972900390625	11.276139259338379
10	371.0495300292969	1191.8385009765625	10.671955108642578
11	316.00836181640625	1200.962646484375	11.254947662353516
12	413.075927734375	1370.4732666015625	10.944398880004883
13	491.20843505859375	1359.8121337890625	11.530879020690918
14	435.0477600097656	1232.79638671875	12.778082847595215
15	461.9396667480469	1282.4364013671875	12.893399238586426
16	413.2167663574219	1294.8096923828125	13.15629768371582
17	490.3938293457031	1162.3798828125	14.000364303588867
18	460.62542724609375	1214.63916015625	13.59311580657959
19	373.1258850097656	1377.943115234375	14.220977783203125
20	319.14434814453125	1155.6395263671875	14.787275314331055
21	431.3070983886719	1204.09912109375	14.65379524230957
22	372.45672607421875	1214.8406982421875	14.933874130249023
23	513.5796508789062	1322.85546875	15.419999122619629
24	313.2445373535156	1331.616943359375	14.663284301757812
25	425.5450744628906	1390.2498779296875	14.95975399017334
26	371.1229553222656	1107.6490478515625	15.711751937866211
27	448.07977294921875	1109.8780517578125	16.230255126953125
28	349.98736572265625	1236.2611083984375	15.531637191772461
29	298.7773132324219	1271.6939697265625	15.718412399291992
30	471.93963623046875	1388.6065673828125	16.589662551879883
31	376.97979736328125	1186.5684814453125	16.875125885009766
32	412.0520935058594	1322.7359619140625	17.106552124023438
33	449.412841796875	1334.1815185546875	16.60578727722168
34	425.827392578125	1079.501220703125	17.82229995727539
35	421.468994140625	1136.6600341796875	17.579999923706055
36	475.83740234375	1239.4525146484375	18.160526275634766
37	299.3034362792969	1676.458740234375	17.540132522583008
38	502.32537841796875	1110.190185546875	19.031265258789062
39	473.7200622558594	1180.1038818359375	19.165180206298828
40	530.4029541015625	1296.9739990234375	18.820964813232422
41	305.336181640625	1335.3397216796875	18.670730590820312
42	356.9888916015625	1378.0045166015625	19.400924682617188
43	355.7332458496094	1086.80712890625	19.83435821533203
44	312.8939208984375	1111.0675048828125	20.117630004882812
45	536.43994140625	1201.22998046875	20.055871963500977
46	278.9847106933594	1212.13427734375	19.562732696533203
47	435.638671875	1247.154052734375	19.88510513305664
48	355.2154846191406	1263.2408447265625	20.18033218383789
49	464.67010498046875	1304.8272705078125	20.065874099731445
50	436.0270690917969	1187.29443359375	21.33958625793457
51	337.6612854003906	1199.850341796875	20.814105987548828
52	549.4028930664062	1235.4639892578125	21.678470611572266
53	493.85089111328125	1358.0145263671875	20.971067428588867
54	553.3329467773438	1696.5008544921875	20.897310256958008
55	455.6617126464844	1049.240234375	21.664018630981445
56	368.2624816894531	1133.031982421875	21.761573791503906
57	337.62078857421875	1158.95458984375	21.693607330322266
58	284.5572814941406	1247.0020751953125	21.835805892944336
59	542.5982055664062	1259.4031982421875	22.202177047729492
60	392.5774841308594	1311.71875	21.396942138671875
61	417.6081848144531	1378.6904296875	22.445262908935547
62	383.49041748046875	1056.4693603515625	23.118215560913086
63	551.321533203125	1127.3653564453125	22.861047744750977
64	293.56365966796875	1293.0458984375	23.099258422851562
65	355.5872497558594	1363.90380859375	22.947660446166992
66	312.0664367675781	1085.7198486328125	24.086650848388672
67	405.95904541015625	1082.0687255859375	23.566938400268555
68	527.0182495117188	1096.116943359375	23.554948806762695
69	496.58782958984375	1151.8515625	23.81982421875
70	475.8356018066406	1275.3748779296875	23.558273315429688
71	508.1033935546875	1339.0858154296875	24.273893356323242
72	356.83770751953125	1037.214599609375	24.926990509033203
73	441.4052429199219	1118.6270751953125	25.102739334106445
74	569.5834350585938	1170.7777099609375	24.78782844543457
75	333.3538818359375	1181.888916015625	24.890790939331055
76	354.9875793457031	1243.7159423828125	24.761226654052734
77	393.2672119140625	1281.51611328125	24.658897399902344
78	459.01727294921875	1365.4906005859375	24.782609939575195
79	369.5265197753906	1016.5632934570312	26.537097930908203
80	401.3858337402344	1116.8416748046875	26.072912216186523
81	288.413818359375	1139.6702880859375	25.09356689453125
82	523.8390502929688	1316.2421875	26.012981414794922
83	482.796630859375	1025.6494140625	26.548564910888672
84	305.2518615722656	1069.0472412109375	26.625274658203125
85	281.18194580078125	1189.2340087890625	26.646333694458008
86	561.0735473632812	1232.7877197265625	26.69329071044922
87	521.4889526367188	1016.7967529296875	28.188779830932617
88	340.465087890625	1066.926513671875	28.150888442993164
89	345.12921142578125	1128.5059814453125	27.99675178527832
90	573.4629516601562	1134.216552734375	28.153852462768555
91	387.6036071777344	1163.0445556640625	28.181049346923828
92	436.2640075683594	1200.19189453125	27.766151428222656
93	392.459228515625	1257.48828125	27.84455680847168
94	335.9901428222656	1323.125732421875	27.624582290649414
95	391.4648132324219	1350.70947265625	27.642452239990234
96	438.615478515625	1006.6646728515625	28.76960563659668
97	525.2682495117188	1209.811767578125	29.138723373413086
98	367.2693176269531	1221.50341796875	29.153173446655273
99	539.9141235351562	1261.4810791015625	29.341445922851562
100	312.4983215332031	1035.3662109375	29.874122619628906
101	477.7137451171875	1055.0140380859375	30.47991180419922
102	548.2293090820312	1076.1563720703125	29.96546173095703
103	511.6318664550781	1102.0875244140625	29.61017608642578
104	482.6909484863281	1203.1500244140625	29.892364501953125
105	556.169189453125	1206.7647705078125	29.826181411743164
106	303.10870361328125	1249.4808349609375	30.17437171936035
107	528.0961303710938	1286.475830078125	29.904191970825195
108	719.4739379882812	1620.22607421875	30.165769577026367
109	525.74853515625	1036.292724609375	31.155336380004883
110	508.4062805175781	1160.84033203125	31.320890426635742
111	410.9807434082031	1218.5162353515625	31.190753936767578
112	434.33612060546875	1269.261962890625	31.23253059387207
113	410.3635559082031	962.0001831054688	32.47401809692383
114	462.38214111328125	963.7910766601562	31.926532745361328
115	511.0003662109375	977.6723022460938	31.941503524780273
116	333.01904296875	1005.8984375	31.797252655029297
117	579.4514770507812	1109.5692138671875	31.961219787597656
118	565.0768432617188	1154.1639404296875	31.520029067993164
119	301.8877258300781	1197.314697265625	31.645755767822266
120	350.9752197265625	1295.1805419921875	32.329437255859375
121	479.4772033691406	1316.902587890625	31.959354400634766
122	427.5	1331.5	32.0
123	360.89068603515625	1034.5009765625	33.27262496948242
124	540.106201171875	1039.1234130859375	32.64095687866211
125	418.0360107421875	1090.6268310546875	32.551578521728516
126	356.59393310546875	1116.8074951171875	32.795040130615234
127	290.8783874511719	1129.3150634765625	33.09458923339844
128	412.8329772949219	1143.5625	33.33720016479492
129	367.7043762207031	1167.7677001953125	33.13933563232422
130	556.2874145507812	1234.11865234375	33.14274978637695
131	373.19696044921875	965.4359130859375	34.14035415649414
132	530.3071899414062	995.4519653320312	34.515045166015625
133	487.2139587402344	1012.8456420898438	34.010650634765625
134	451.74420166015625	1066.30029296875	34.329044342041016
135	473.7642517089844	1118.6766357421875	33.451026916503906
136	564.402587890625	1188.66259765625	34.316749572753906
137	402.928466796875	1198.7803955078125	34.399356842041016
138	404.0144348144531	1311.8800048828125	33.54112243652344
139	787.0790405273438	1826.5736083984375	34.08514404296875
140	323.6259460449219	1036.590576171875	35.356224060058594
141	331.62652587890625	1238.727294921875	34.63991165161133
142	509.9888610839844	1268.8453369140625	35.08576965332031
143	513.4166259765625	1060.1180419921875	36.28845977783203
144	459.1377868652344	1197.551025390625	36.218257904052734
145	414.61578369140625	1285.5606689453125	36.16317367553711
146	482.07763671875	960.9715576171875	36.50515365600586
147	335.49688720703125	1208.22216796875	37.36133575439453
148	391.08416748046875	1127.951416015625	38.21342468261719
149	435.2856140136719	973.555419921875	39.13285446166992
150	400.7366638183594	994.88037109375	39.55872344970703
151	354.0888977050781	1161.64404296875	38.56818771362305
152	548.5419921875	1217.796875	38.55681228637695
153	386.1666259765625	1235.5205078125	38.7923469543457
154	446.1791076660156	1054.0924072265625	39.890953063964844
155	554.4609985351562	1055.3013916015625	39.93252944946289
156	474.7594909667969	1092.413818359375	39.72162628173828
157	502.1677551269531	1151.1468505859375	40.06226348876953
158	455.75738525390625	1172.203369140625	40.095130920410156
159	368.1981506347656	1189.7353515625	40.50829315185547
160	330.516845703125	1067.59423828125	40.50305938720703
161	571.1243896484375	1109.5380859375	40.76058578491211
162	510.8953857421875	1231.7235107421875	41.37296676635742
163	389.9210510253906	987.1552734375	42.336490631103516
164	504.7216796875	994.6754150390625	41.766212463378906
165	369.02349853515625	1035.027099609375	41.86756134033203
166	371.5270690917969	1149.4776611328125	42.1977653503418
167	428.8504638671875	1221.1910400390625	42.05308532714844
168	734.3302001953125	1631.2130126953125	42.254005432128906
169	556.381103515625	966.4717407226562	43.035606384277344
170	457.3301086425781	982.8081665039062	42.9546012878418
171	363.1484069824219	1116.545166015625	43.838802337646484
172	496.1479797363281	1168.89501953125	43.7380485534668
173	439.8360595703125	991.68701171875	44.830135345458984
174	492.3171691894531	1032.560791015625	45.30543899536133
175	385.9632873535156	1071.987060546875	45.4529914855957
176	539.6243896484375	1156.4931640625	44.49105453491211
177	740.801025390625	1822.369873046875	45.22932434082031
178	509.6618957519531	1088.028564453125	45.85801315307617
179	529.5029296875	1081.899169921875	45.78773880004883
180	442.326171875	1128.8441162109375	45.77018356323242
181	403.98876953125	1139.468017578125	45.83376693725586
182	408.0024719238281	1039.02978515625	47.32631301879883
183	438.5144348144531	1085.8702392578125	47.20473861694336
184	505.92755126953125	1128.1552734375	46.62013244628906
185	475.6031494140625	1139.013916015625	47.235755920410156
186	630.4749145507812	891.5715942382812	48.208736419677734
187	478.33477783203125	1055.0804443359375	47.79942321777344
188	859.3197021484375	1856.8231201171875	48.166595458984375
189	535.4210815429688	1469.634521484375	54.51349639892578
190	709.2025146484375	1011.3045654296875	58.13132095336914
191	131.09803771972656	874.787109375	60.81664276123047
192	555.4085083007812	628.7483520507812	66.29071044921875
193	443.9981384277344	153.33363342285156	72.77555084228516
