id	x	y	z
0	154.35011291503906	1434.679443359375	14.017633438110352
1	725.4953002929688	1877.1180419921875	22.48321533203125
2	654.3555297851562	1669.865966796875	25.586565017700195
3	772.5089721679688	1681.49365234375	30.746124267578125
4	806.2427978515625	1873.0364990234375	31.779809951782227
5	362.61505126953125	897.3531494140625	32.532920837402344
6	484.7437744140625	1747.18798828125	34.22257995605469
7	788.9749755859375	1518.46435546875	52.61275100708008
8	327.11138916015625	1725.2685546875	52.89080810546875
