id	x	y	z
0	471.00909423828125	1345.7008056640625	7.139118671417236
1	425.3156433105469	1318.114990234375	8.122611045837402
2	347.4476013183594	1200.6573486328125	9.508599281311035
3	375.53167724609375	1257.062744140625	10.11752986907959
4	516.7682495117188	1324.7630615234375	10.955300331115723
5	426.0721130371094	1377.609130859375	11.265796661376953
6	355.03094482421875	1368.8343505859375	11.960501670837402
7	465.98175048828125	1385.788330078125	12.177460670471191
8	313.1925964355469	1312.5748291015625	13.318282127380371
9	479.7172546386719	1224.6356201171875	14.381047248840332
10	405.38946533203125	1304.4986572265625	13.673222541809082
11	318.4338684082031	1270.154541015625	15.022449493408203
12	337.98895263671875	1365.5323486328125	16.140459060668945
13	408.5794372558594	1252.5162353515625	16.530391693115234
14	494.3846130371094	1280.38330078125	16.602706909179688
15	412.5467834472656	1395.3785400390625	16.90460205078125
16	517.7512817382812	1198.0836181640625	18.143091201782227
17	466.1681823730469	1394.74755859375	17.736495971679688
18	299.89306640625	1194.40283203125	19.300634384155273
19	303.9263610839844	1156.258544921875	20.410911560058594
20	535.53515625	1288.324462890625	19.697450637817383
21	364.2933654785156	1316.509765625	19.586593627929688
22	453.3906555175781	1177.4788818359375	20.983369827270508
23	497.085205078125	1333.0704345703125	20.929908752441406
24	401.3628234863281	1366.3558349609375	20.866790771484375
25	370.01373291015625	1173.7786865234375	21.963708877563477
26	486.171875	1259.462646484375	21.787830352783203
27	341.92510986328125	1084.298583984375	23.303781509399414
28	311.7152404785156	1250.1343994140625	23.323135375976562
29	519.1659545898438	1310.1834716796875	23.431190490722656
30	453.7298278808594	1103.7735595703125	24.37957191467285
31	405.7313537597656	1132.1021728515625	24.28586196899414
32	290.1853332519531	1191.1395263671875	24.269506454467773
33	390.7801513671875	1229.205322265625	23.506153106689453
34	439.5938720703125	1291.7879638671875	24.016874313354492
35	519.5578002929688	1089.0819091796875	25.263870239257812
36	557.836669921875	1233.381591796875	25.143857955932617
37	337.3277587890625	1337.2525634765625	25.302648544311523
38	487.97314453125	1050.8046875	25.874807357788086
39	384.9095458984375	1306.6937255859375	26.09284019470215
40	308.87945556640625	1118.017578125	27.21167755126953
41	328.8955383300781	1234.29541015625	27.262800216674805
42	485.6461181640625	1349.0716552734375	26.887035369873047
43	373.26031494140625	1015.5213012695312	27.592206954956055
44	336.0992431640625	1050.84619140625	27.943572998046875
45	392.6565856933594	1102.0050048828125	27.922134399414062
46	478.01922607421875	1151.114013671875	28.065093994140625
47	399.3182678222656	1178.5904541015625	27.74086570739746
48	501.56884765625	1216.71044921875	27.71738052368164
49	440.45184326171875	1228.4990234375	28.15267562866211
50	543.6654052734375	1280.956787109375	28.0974063873291
51	415.6748046875	1368.12060546875	27.69923210144043
52	419.39227294921875	1001.0507202148438	29.481252670288086
53	365.935546875	1283.7393798828125	29.092004776000977
54	450.90679931640625	1321.1964111328125	28.856454849243164
55	478.62860107421875	988.5892944335938	29.964282989501953
56	518.1624145507812	1055.953857421875	29.545900344848633
57	391.3351135253906	1343.9666748046875	30.040084838867188
58	327.6268615722656	1050.524658203125	31.490863800048828
59	457.861572265625	1095.390869140625	31.01756477355957
60	317.5316467285156	1114.3057861328125	30.696699142456055
61	563.6956176757812	1111.730712890625	31.210905075073242
62	292.3578186035156	1161.0517578125	30.595745086669922
63	347.0003662109375	1193.6190185546875	31.398141860961914
64	373.90081787109375	975.4029541015625	32.179561614990234
65	517.7903442382812	1018.9546508789062	31.80389976501465
66	411.8066101074219	1056.954833984375	32.01184844970703
67	501.78076171875	1178.8182373046875	32.047813415527344
68	541.5634765625	1207.3536376953125	32.42390441894531
69	556.801025390625	1068.70068359375	32.753379821777344
70	576.7166137695312	1150.2198486328125	32.90929412841797
71	367.34967041015625	1223.3031005859375	33.71806335449219
72	517.533203125	1258.550537109375	34.10470199584961
73	385.50775146484375	1275.5679931640625	33.801090240478516
74	340.5102233886719	997.2567749023438	35.47734832763672
75	381.498046875	1025.8886108398438	34.923648834228516
76	567.9194946289062	1092.7943115234375	34.81792449951172
77	509.5541076660156	1128.799560546875	35.427242279052734
78	395.99456787109375	1146.746826171875	35.06482696533203
79	324.10858154296875	1155.8240966796875	34.53716278076172
80	450.3665466308594	1185.3505859375	35.54723358154297
81	415.9004211425781	1314.840576171875	35.21168518066406
82	791.3939208984375	1825.1787109375	35.330074310302734
83	421.3364562988281	941.7832641601562	36.20641326904297
84	380.49114990234375	1094.4515380859375	35.709129333496094
85	383.85919189453125	975.8089599609375	37.373291015625
86	539.6513061523438	985.7440185546875	37.4348258972168
87	447.9608154296875	1002.6560668945312	37.50173568725586
88	495.19091796875	1048.6898193359375	36.62030029296875
89	329.8386535644531	1062.4927978515625	37.014060974121094
90	544.1771240234375	1183.0933837890625	36.57579803466797
91	409.54742431640625	1256.2294921875	36.963111877441406
92	465.9790344238281	1283.9163818359375	36.53611755371094
93	306.74481201171875	1104.191650390625	38.25349426269531
94	539.7971801757812	1019.7129516601562	38.51368713378906
95	568.707275390625	1043.707763671875	38.6628303527832
96	436.347412109375	1059.341552734375	38.90083312988281
97	342.20098876953125	1148.747802734375	38.92018508911133
98	569.287841796875	1155.7022705078125	38.82427978515625
99	366.1396179199219	1206.3685302734375	39.3023796081543
100	557.2276611328125	1209.64306640625	38.60430908203125
101	504.974853515625	949.1588745117188	40.20927810668945
102	394.6664123535156	1029.95068359375	39.526187896728516
103	332.9903259277344	1076.9136962890625	40.07157516479492
104	420.5545654296875	952.8610229492188	41.14972686767578
105	356.56549072265625	1028.8265380859375	40.74130630493164
106	493.5506591796875	1150.958740234375	41.299747467041016
107	507.15087890625	1191.0357666015625	40.52934646606445
108	385.83709716796875	1196.179931640625	41.26169967651367
109	444.98211669921875	1225.9510498046875	41.07481002807617
110	493.6279602050781	1232.899169921875	41.21796798706055
111	519.8147583007812	1055.248046875	42.1334228515625
112	483.22625732421875	977.5272827148438	43.1492805480957
113	444.8356628417969	1020.8482055664062	42.70302963256836
114	523.0513305664062	1099.00390625	42.858314514160156
115	447.0180358886719	1126.3070068359375	42.82569885253906
116	458.4636535644531	1205.170166015625	43.418392181396484
117	464.3777770996094	1076.736083984375	44.15329360961914
118	350.71484375	1092.65576171875	44.561702728271484
119	381.5337219238281	1130.357421875	44.007450103759766
120	544.3423461914062	1145.8348388671875	43.998348236083984
121	560.685791015625	968.2197875976562	44.64939498901367
122	390.21441650390625	1087.5797119140625	45.06654739379883
123	555.4149780273438	1025.2078857421875	46.32780838012695
124	353.9488525390625	1058.0223388671875	45.515541076660156
125	474.9739074707031	1119.0653076171875	46.288421630859375
126	406.5845642089844	1015.4218139648438	46.91891860961914
127	416.8709411621094	1142.7877197265625	46.61054992675781
128	485.1441650390625	1161.950439453125	46.799503326416016
129	487.8427429199219	999.8150634765625	49.352333068847656
130	404.03466796875	1047.9366455078125	49.10515213012695
131	460.92596435546875	1063.5162353515625	48.96490478515625
132	465.3651123046875	1015.3978881835938	50.01300811767578
133	443.2997131347656	1099.150390625	49.96416473388672
134	540.4440307617188	1468.5408935546875	55.65000534057617
