id	x	y	z
0	517.7915649414062	1701.1995849609375	7.9725341796875
1	410.83935546875	1691.4932861328125	14.942893981933594
2	729.314453125	1537.9638671875	17.654033660888672
3	650.74267578125	1175.664794921875	21.65894317626953
4	576.0941772460938	1120.33154296875	23.436569213867188
5	629.2440795898438	1230.8607177734375	23.126157760620117
6	658.6813354492188	1053.0802001953125	24.198226928710938
7	628.424072265625	1098.3150634765625	23.69532585144043
8	627.967529296875	1248.5919189453125	23.928110122680664
9	627.4141845703125	1030.89111328125	24.820241928100586
10	577.7821655273438	1089.7921142578125	24.874622344970703
11	554.546142578125	1136.03466796875	25.494577407836914
12	550.2368774414062	1275.7608642578125	25.323949813842773
13	623.686279296875	1297.44677734375	25.192279815673828
14	596.6471557617188	1052.7650146484375	26.1560115814209
15	691.6386108398438	1122.46630859375	25.63087272644043
16	496.9433288574219	1154.8409423828125	25.902629852294922
17	601.2910766601562	1162.182373046875	26.01163101196289
18	614.1864013671875	1118.7882080078125	26.83286476135254
19	474.4159240722656	1181.6348876953125	27.02440071105957
20	506.4351806640625	1202.84326171875	26.819971084594727
21	661.3380737304688	1229.2083740234375	26.48691749572754
22	729.8331298828125	1083.066162109375	28.14128303527832
23	620.3538818359375	1216.57568359375	27.599599838256836
24	574.1345825195312	1233.627685546875	27.632556915283203
25	615.8339233398438	1261.9327392578125	28.084697723388672
26	528.0946655273438	1314.1329345703125	28.024036407470703
27	487.8212890625	1124.052001953125	28.9384708404541
28	655.3447265625	1284.0347900390625	28.85220718383789
29	489.3455505371094	1289.7935791015625	29.298866271972656
30	569.9554443359375	1341.6624755859375	29.249603271484375
31	704.8621215820312	1051.9970703125	29.939769744873047
32	613.5796508789062	1094.0723876953125	30.39359474182129
33	600.3722534179688	1130.727294921875	30.379255294799805
34	441.4437561035156	1217.1068115234375	29.735065460205078
35	461.0562744140625	1284.5728759765625	29.817689895629883
36	517.0137939453125	1064.7520751953125	30.576595306396484
37	596.7301025390625	1325.1571044921875	31.37480926513672
38	517.0496215820312	1350.352294921875	31.445589065551758
39	550.3534545898438	1024.9090576171875	32.08082962036133
40	718.0941162109375	1146.6175537109375	32.2902717590332
41	529.9880981445312	1159.4970703125	31.520620346069336
42	532.8153686523438	1241.242431640625	31.840208053588867
43	447.22637939453125	1346.0745849609375	31.574975967407227
44	491.54071044921875	1372.2525634765625	32.492794036865234
45	643.7553100585938	1027.6943359375	33.48836135864258
46	609.1160888671875	1107.6099853515625	32.651065826416016
47	460.0008239746094	1139.680419921875	32.774845123291016
48	567.6631469726562	1166.841552734375	32.590782165527344
49	633.1976928710938	1210.1710205078125	32.485904693603516
50	408.5462341308594	1259.5567626953125	33.06387710571289
51	506.7289733886719	1261.955322265625	32.653160095214844
52	584.3377075195312	1267.42041015625	32.59447479248047
53	685.7717895507812	1277.086181640625	32.77299880981445
54	649.7246704101562	1308.3331298828125	33.07459259033203
55	413.4146423339844	1338.838134765625	33.239925384521484
56	407.5635070800781	1765.8109130859375	33.00071334838867
57	601.1736450195312	1027.84375	33.60315704345703
58	542.8251953125	1106.2332763671875	33.9305419921875
59	708.5114135742188	1116.0003662109375	33.62091827392578
60	466.0464172363281	1185.320556640625	34.23541259765625
61	700.1783447265625	1238.6392822265625	33.77186965942383
62	399.5243225097656	1283.7174072265625	33.90687561035156
63	704.9077758789062	1069.2193603515625	35.243858337402344
64	700.1301879882812	1185.497314453125	35.503055572509766
65	394.6724548339844	1242.143798828125	34.66383743286133
66	543.2666015625	1320.58349609375	35.49773406982422
67	606.554443359375	1350.6302490234375	35.36078643798828
68	533.5845336914062	1373.875244140625	34.81327819824219
69	578.8247680664062	1021.4127807617188	35.69762420654297
70	512.2904663085938	1070.0426025390625	35.6650505065918
71	621.064697265625	1077.36279296875	36.203330993652344
72	582.32080078125	1135.475830078125	36.07811737060547
73	594.3309326171875	1205.8604736328125	36.05182647705078
74	638.1802978515625	1241.2169189453125	36.33219528198242
75	411.2906188964844	1393.3216552734375	35.728004455566406
76	688.0276489257812	1074.9935302734375	36.62332534790039
77	376.1212463378906	1310.7657470703125	36.670982360839844
78	568.869873046875	1390.2073974609375	37.44837951660156
79	633.4851684570312	1018.8544921875	38.097679138183594
80	539.6759643554688	1055.3770751953125	38.33293914794922
81	478.57611083984375	1090.6690673828125	37.8749885559082
82	577.4998779296875	1101.7032470703125	38.08280944824219
83	524.1808471679688	1164.92529296875	38.545265197753906
84	537.0106811523438	1258.38134765625	37.904571533203125
85	646.7140502929688	1320.4281005859375	38.488040924072266
86	613.88134765625	1359.69482421875	38.443668365478516
87	375.4671936035156	1391.7747802734375	37.813018798828125
88	411.8714294433594	1432.780029296875	38.333045959472656
89	443.6529235839844	1182.105224609375	39.343021392822266
90	678.1156005859375	1216.5142822265625	39.119529724121094
91	424.8117370605469	1228.95947265625	38.565494537353516
92	704.8050537109375	1234.8409423828125	38.574501037597656
93	361.4613037109375	1265.7869873046875	38.932865142822266
94	425.4552307128906	1275.5203857421875	38.836097717285156
95	589.1123046875	1279.971923828125	39.14926528930664
96	483.06072998046875	1443.8157958984375	39.20940399169922
97	599.26318359375	1028.0987548828125	40.085018157958984
98	492.9773864746094	1090.6103515625	40.38376998901367
99	341.77850341796875	1300.6280517578125	40.24582290649414
100	399.0988464355469	1306.9715576171875	39.738304138183594
101	503.6441345214844	1304.0809326171875	40.40749740600586
102	439.5202941894531	1360.5167236328125	39.89642333984375
103	530.78515625	1412.0880126953125	40.34364318847656
104	707.6663818359375	1148.3240966796875	41.45564651489258
105	662.3005981445312	1155.4859619140625	40.905757904052734
106	562.86328125	1213.05712890625	41.17031478881836
107	626.8134155273438	1223.586669921875	41.00135803222656
108	482.7165832519531	1240.090087890625	40.91422653198242
109	563.40283203125	1332.020263671875	40.52369689941406
110	351.6231994628906	1422.6490478515625	40.8487548828125
111	613.9957275390625	1051.277099609375	42.011234283447266
112	652.5912475585938	1059.96044921875	42.020381927490234
113	535.7261352539062	1163.0435791015625	41.60604476928711
114	587.214599609375	1165.468505859375	41.95734405517578
115	669.09619140625	1259.2098388671875	42.274173736572266
116	379.0293273925781	1337.5943603515625	42.258975982666016
117	578.465087890625	1399.52880859375	41.70036315917969
118	431.422607421875	1460.45068359375	42.2697639465332
119	398.670654296875	1183.538818359375	42.8330078125
120	379.4936828613281	1211.0662841796875	42.75587844848633
121	651.2764892578125	1295.099365234375	42.531768798828125
122	334.593505859375	1378.6485595703125	42.842254638671875
123	405.9628601074219	1398.8502197265625	43.00446701049805
124	517.1590576171875	1434.031494140625	42.587379455566406
125	423.09808349609375	1461.635009765625	42.89878463745117
126	555.4324951171875	1083.98828125	44.07164001464844
127	404.7673034667969	1252.889404296875	44.06584930419922
128	574.3370361328125	1279.70458984375	43.438011169433594
129	460.5998840332031	1299.6339111328125	43.94123077392578
130	361.0782165527344	1355.9617919921875	44.079551696777344
131	515.5677490234375	1352.5933837890625	44.24457550048828
132	577.8593139648438	1095.949462890625	45.01433563232422
133	628.5139770507812	1099.497314453125	44.86516571044922
134	665.341552734375	1137.9615478515625	45.500213623046875
135	678.8739013671875	1186.678466796875	45.26406478881836
136	609.1016845703125	1355.7816162109375	44.820613861083984
137	471.2743835449219	1399.3359375	44.72134017944336
138	485.6998291015625	1129.692138671875	45.62593078613281
139	552.7821655273438	1133.208740234375	46.208492279052734
140	599.47216796875	1152.8426513671875	46.42399978637695
141	421.81304931640625	1168.3177490234375	45.814300537109375
142	641.072021484375	1173.2034912109375	45.52925109863281
143	495.18853759765625	1207.1104736328125	45.884124755859375
144	441.3890686035156	1234.9296875	45.990074157714844
145	521.136962890625	1257.4864501953125	45.671451568603516
146	597.7198486328125	1195.9595947265625	47.18775177001953
147	378.4778747558594	1285.9298095703125	47.105342864990234
148	536.6005859375	1306.902587890625	46.66200256347656
149	536.3915405273438	1417.838134765625	47.279884338378906
150	594.7220458984375	1150.2330322265625	48.14372253417969
151	528.2164916992188	1223.4114990234375	48.3995475769043
152	632.9119262695312	1223.7557373046875	48.345680236816406
153	481.5068054199219	1255.8717041015625	48.44923782348633
154	336.31060791015625	1335.84814453125	48.033634185791016
155	510.15472412109375	1435.6995849609375	48.42904281616211
156	362.6966247558594	1233.1021728515625	48.88706970214844
157	585.3613891601562	1243.3980712890625	48.701168060302734
158	342.90704345703125	1279.404541015625	48.90567398071289
159	427.05023193359375	1286.60107421875	48.60823059082031
160	476.8403625488281	1320.085693359375	49.1185302734375
161	593.8201293945312	1325.65673828125	48.630184173583984
162	378.83734130859375	1330.602783203125	49.043697357177734
163	52.8987922668457	1453.267578125	49.09438705444336
164	551.8883666992188	1164.309814453125	49.50578308105469
165	442.48406982421875	1183.717529296875	50.41619110107422
166	396.1368408203125	1214.0162353515625	49.733089447021484
167	597.06103515625	1283.9610595703125	50.12042236328125
168	438.4783630371094	1364.2745361328125	49.51722717285156
169	508.84783935546875	1182.5029296875	51.35636520385742
170	559.6044311523438	1212.2984619140625	51.33863830566406
171	357.81884765625	1379.557373046875	50.90233612060547
172	431.46197509765625	1439.25146484375	50.71256637573242
173	563.2578735351562	1267.8472900390625	51.812496185302734
174	399.424560546875	1317.4588623046875	52.01300048828125
175	537.8270263671875	1356.8974609375	51.839813232421875
176	491.3607177734375	1200.17138671875	52.65601348876953
177	414.6199035644531	1238.9639892578125	52.794960021972656
178	329.63507080078125	1351.2877197265625	52.50690460205078
179	387.98876953125	1384.535400390625	53.063541412353516
180	477.86383056640625	1262.171142578125	53.98399353027344
181	349.46832275390625	1283.6483154296875	54.29414749145508
182	511.48193359375	1297.61572265625	53.85883331298828
183	552.8672485351562	1325.3121337890625	53.90847396850586
184	492.1523742675781	1399.5174560546875	54.40123748779297
185	415.328857421875	1264.7646484375	54.60113525390625
186	364.6048583984375	1314.011474609375	55.132484436035156
187	490.9114990234375	1321.752685546875	54.81891632080078
188	432.6429138183594	1354.2430419921875	55.10000991821289
189	503.260986328125	1743.8321533203125	55.10413360595703
190	450.32958984375	1402.1639404296875	56.12928771972656
191	425.33941650390625	1311.1710205078125	56.83979415893555
192	404.976806640625	1338.9876708984375	56.64908218383789
