id	x	y	z
0	522.7514038085938	1699.7310791015625	7.26820182800293
1	413.5330810546875	1689.806640625	14.329621315002441
2	734.114990234375	1535.16357421875	17.111900329589844
3	590.9583129882812	1128.6845703125	22.162967681884766
4	638.4152221679688	1146.7279052734375	22.221454620361328
5	597.421875	1043.2713623046875	23.26481819152832
6	637.9827270507812	1095.426513671875	22.78006362915039
7	589.1625366210938	1096.7969970703125	23.100889205932617
8	676.2011108398438	1160.665771484375	22.520038604736328
9	617.5601196289062	1199.3062744140625	22.6286563873291
10	545.6952514648438	1222.09326171875	23.130096435546875
11	636.5680541992188	1028.350830078125	23.910905838012695
12	683.6900024414062	1043.2266845703125	24.122577667236328
13	611.98046875	1292.9576416015625	24.208192825317383
14	549.6114501953125	1143.4559326171875	25.18425941467285
15	687.2506103515625	1193.4442138671875	25.588220596313477
16	563.5519409179688	1279.915283203125	24.6708927154541
17	618.86572265625	1120.05517578125	26.16460609436035
18	733.9033813476562	1120.9996337890625	25.890775680541992
19	694.5623168945312	1135.7432861328125	25.844970703125
20	485.9325256347656	1176.9163818359375	25.78194236755371
21	507.33843994140625	1191.09765625	26.436569213867188
22	645.8871459960938	1286.8197021484375	26.098419189453125
23	560.626953125	1083.8226318359375	27.137662887573242
24	653.95068359375	1083.8267822265625	27.349252700805664
25	620.50390625	1213.5079345703125	27.040828704833984
26	653.0143432617188	1224.7906494140625	27.4969425201416
27	500.7358703613281	1245.2489013671875	27.160032272338867
28	614.574462890625	1263.287109375	27.451906204223633
29	570.196044921875	1188.54443359375	28.084688186645508
30	712.9187622070312	1051.5186767578125	29.191932678222656
31	676.59423828125	1273.5179443359375	28.980121612548828
32	493.1402282714844	1307.75390625	28.950254440307617
33	593.7035522460938	1323.2451171875	28.457523345947266
34	561.8075561523438	1344.822021484375	28.969280242919922
35	520.9027709960938	1060.1712646484375	30.522289276123047
36	586.8424072265625	1148.045166015625	30.03114891052246
37	446.44677734375	1212.6568603515625	29.502586364746094
38	561.7589111328125	1238.0096435546875	30.37645149230957
39	451.8170471191406	1248.6705322265625	29.718984603881836
40	560.962890625	1022.3023681640625	31.040494918823242
41	583.9269409179688	1192.1563720703125	31.305294036865234
42	532.8473510742188	1279.97900390625	31.42363929748535
43	669.2821655273438	1031.08056640625	31.92876625061035
44	540.1344604492188	1092.9886474609375	32.04964828491211
45	609.9263305664062	1106.24365234375	31.55071258544922
46	702.5296630859375	1114.2236328125	32.80253219604492
47	452.5287170410156	1136.13427734375	32.15848922729492
48	514.8908996582031	1158.7554931640625	32.07573699951172
49	678.7301635742188	1195.777099609375	31.900983810424805
50	722.6550903320312	1203.140869140625	31.687105178833008
51	611.3986206054688	1217.3040771484375	32.41509246826172
52	496.3643493652344	1261.029541015625	31.67366600036621
53	627.8019409179688	1314.93505859375	31.977069854736328
54	447.4758605957031	1345.4420166015625	31.510005950927734
55	486.8221740722656	1375.0550537109375	31.86605453491211
56	410.9778747558594	1764.00048828125	32.424415588378906
57	625.615234375	1032.704345703125	33.275550842285156
58	577.802490234375	1056.0543212890625	33.32622528076172
59	482.6315002441406	1104.4166259765625	33.05156326293945
60	691.7606811523438	1251.920166015625	32.510467529296875
61	652.5360107421875	1263.9041748046875	32.48863983154297
62	399.6913757324219	1289.3341064453125	33.33488845825195
63	588.7656860351562	1009.398681640625	34.23374557495117
64	689.4126586914062	1051.771728515625	33.53073501586914
65	722.9495239257812	1070.3553466796875	34.173301696777344
66	712.274658203125	1114.75830078125	34.595703125
67	576.943359375	1132.8232421875	34.39320755004883
68	711.7027587890625	1175.3447265625	34.54795837402344
69	426.6734313964844	1210.58349609375	33.49577331542969
70	398.3064880371094	1254.424560546875	34.02836227416992
71	547.6259765625	1368.5853271484375	33.65673828125
72	487.2020263671875	1231.169677734375	35.42393112182617
73	525.7120971679688	1327.811767578125	34.77194595336914
74	589.826904296875	1343.29443359375	35.477684020996094
75	611.8079223632812	1071.852783203125	36.02607345581055
76	298.5411376953125	1131.6656494140625	35.85956573486328
77	650.2207641601562	1188.974365234375	36.302127838134766
78	411.78607177734375	1380.500732421875	35.923587799072266
79	547.4337768554688	1050.2171630859375	37.20655059814453
80	485.1087341308594	1082.793212890625	36.9955940246582
81	699.2755126953125	1201.440185546875	37.12774658203125
82	440.40484619140625	1236.86767578125	36.85283660888672
83	608.0814208984375	1262.1611328125	36.51858901977539
84	666.3662109375	1302.363525390625	36.43205642700195
85	482.2764892578125	1427.6964111328125	37.479000091552734
86	679.0758666992188	1082.200927734375	38.42272186279297
87	682.000732421875	1134.8927001953125	37.847591400146484
88	450.65386962890625	1178.4686279296875	37.93280792236328
89	709.7045288085938	1179.99365234375	37.66005325317383
90	507.38812255859375	1189.3121337890625	38.024932861328125
91	353.76806640625	1270.353515625	38.45683288574219
92	419.7548522949219	1266.4083251953125	37.94858932495117
93	630.0923461914062	1326.3031005859375	38.44570541381836
94	601.3202514648438	1025.2476196289062	38.75238037109375
95	432.5487365722656	1163.2655029296875	39.21815872192383
96	669.27490234375	1215.276611328125	38.67905807495117
97	531.186279296875	1271.938720703125	38.944244384765625
98	347.0054016113281	1305.05615234375	39.202171325683594
99	562.5988159179688	1392.068603515625	38.98440933227539
100	418.42352294921875	1430.138427734375	38.8634033203125
101	516.6395874023438	1445.5489501953125	38.95509338378906
102	503.47991943359375	1082.25927734375	40.393795013427734
103	584.82373046875	1146.253173828125	39.763431549072266
104	432.7573547363281	1201.79541015625	40.30712890625
105	388.2361145019531	1315.171142578125	39.84464645385742
106	334.3838806152344	1376.9427490234375	39.780372619628906
107	368.9701232910156	1426.4320068359375	39.930789947509766
108	515.9505004882812	1114.418212890625	41.14639663696289
109	652.0147094726562	1163.583740234375	40.75290298461914
110	479.2319641113281	1233.995849609375	40.56825637817383
111	663.1128540039062	1276.4052734375	41.3813362121582
112	547.803955078125	1331.5760498046875	40.89662170410156
113	625.1406860351562	1047.85546875	41.84267807006836
114	568.4994506835938	1161.5985107421875	42.417877197265625
115	493.1557922363281	1179.78515625	42.39871597290039
116	362.1943359375	1241.0264892578125	41.871238708496094
117	457.85595703125	1291.5751953125	41.918724060058594
118	551.441162109375	1212.006591796875	42.718055725097656
119	594.5469360351562	1246.957275390625	42.54904556274414
120	481.6628723144531	1375.497314453125	43.36292266845703
121	590.6890869140625	1381.9578857421875	43.31748580932617
122	450.90948486328125	1458.6453857421875	43.15045166015625
123	514.8757019042969	1175.68115234375	44.35283279418945
124	680.2305908203125	1187.11181640625	43.70906066894531
125	384.5646667480469	1262.6556396484375	43.99692916870117
126	335.9053955078125	1284.3338623046875	43.68265151977539
127	327.47808837890625	1334.697265625	43.7811164855957
128	621.33935546875	1340.8248291015625	43.564208984375
129	375.28131103515625	1343.3958740234375	44.02823257446289
130	391.637451171875	1391.77392578125	43.84473419189453
131	345.22100830078125	1416.640869140625	44.339111328125
132	493.8262634277344	1430.5989990234375	44.089759826660156
133	380.8692932128906	1442.3280029296875	43.637203216552734
134	582.9091796875	1093.906982421875	45.034385681152344
135	636.4249877929688	1097.6806640625	44.55242919921875
136	484.83819580078125	1136.275390625	45.43189239501953
137	609.147705078125	1149.4569091796875	45.01481628417969
138	664.1998291015625	1150.5733642578125	45.014591217041016
139	426.2475280761719	1165.0914306640625	45.23793029785156
140	411.5	1171.5	45.0
141	522.7730102539062	1249.280517578125	44.789974212646484
142	627.8269653320312	1299.48486328125	45.351016998291016
143	327.05999755859375	1376.233642578125	44.5389518737793
144	373.3910217285156	1307.29541015625	46.16282272338867
145	558.984375	1116.66748046875	46.712738037109375
146	642.4244384765625	1189.157958984375	47.17632293701172
147	372.1354675292969	1218.62353515625	46.65022277832031
148	458.16571044921875	1251.65869140625	46.89518737792969
149	641.953369140625	1253.0252685546875	46.53972244262695
150	509.51226806640625	1299.65478515625	46.77229690551758
151	363.9571533203125	1367.262939453125	46.730552673339844
152	541.3531494140625	1408.6883544921875	47.0106201171875
153	602.651611328125	1149.001953125	47.84720993041992
154	442.6959228515625	1170.11474609375	47.69033432006836
155	635.4724731445312	1213.52490234375	47.970298767089844
156	425.20794677734375	1295.3692626953125	48.231842041015625
157	460.7823486328125	1346.8482666015625	47.81203079223633
158	417.7054138183594	1438.1834716796875	48.37040710449219
159	56.61937713623047	1452.078369140625	48.51665115356445
160	563.6104125976562	1158.359619140625	48.82294464111328
161	418.6654357910156	1202.1177978515625	48.79801559448242
162	504.8937072753906	1234.21484375	48.85774612426758
163	601.1580810546875	1275.11328125	49.07060623168945
164	373.8200378417969	1338.3974609375	49.414634704589844
165	509.48321533203125	1171.8699951171875	50.1331787109375
166	340.14935302734375	1284.6070556640625	49.61577224731445
167	335.52001953125	1389.352783203125	49.77200698852539
168	487.4864501953125	1192.43310546875	51.193180084228516
169	559.4429931640625	1215.4105224609375	51.46904373168945
170	409.53997802734375	1232.64599609375	50.91714096069336
171	581.274658203125	1328.0185546875	51.137786865234375
172	549.5331420898438	1347.986328125	50.851348876953125
173	445.8192138671875	1433.004150390625	50.75895690917969
174	543.5091552734375	1277.9744873046875	52.00912857055664
175	395.0559387207031	1316.0841064453125	52.018287658691406
176	431.5935363769531	1230.2301025390625	52.755157470703125
177	365.415771484375	1279.087158203125	53.63926696777344
178	339.127197265625	1318.685546875	52.73563766479492
179	488.8820495605469	1321.60205078125	53.37757873535156
180	402.173583984375	1370.6063232421875	52.767662048339844
181	519.48046875	1233.274169921875	53.87156677246094
182	410.96759033203125	1269.002685546875	54.06682205200195
183	343.2682189941406	1377.3465576171875	53.639930725097656
184	374.009521484375	1408.157470703125	54.14834213256836
185	506.8677978515625	1741.5860595703125	54.46697235107422
186	455.14178466796875	1296.7392578125	55.136436462402344
187	468.7745056152344	1384.49951171875	55.30702590942383
188	508.60845947265625	1281.7686767578125	55.66867446899414
189	445.52960205078125	1333.2371826171875	56.520301818847656
