id	x	y	z
0	154.17234802246094	1435.3388671875	13.699189186096191
1	726.2724609375	1877.80029296875	21.9970760345459
2	655.1187744140625	1670.814453125	25.29145050048828
3	773.7476806640625	1682.039794921875	30.469738006591797
4	806.682861328125	1873.6727294921875	31.4237117767334
5	362.5172119140625	897.193603515625	32.2457160949707
6	484.80523681640625	1747.427001953125	33.987003326416016
7	789.1297607421875	1518.9073486328125	52.15069580078125
8	327.79339599609375	1726.365966796875	52.44622039794922
