id	x	y	z
0	137.93170166015625	1653.0272216796875	0.5398110151290894
1	160.7805938720703	1432.143310546875	14.367491722106934
2	733.5182495117188	1874.8336181640625	22.891357421875
3	661.6407470703125	1667.6904296875	26.08763885498047
4	781.291015625	1678.457763671875	31.20783042907715
5	813.0534057617188	1869.364990234375	32.1955680847168
6	492.2958984375	1744.3955078125	34.65999221801758
7	796.2139892578125	1516.3514404296875	52.95989990234375
8	334.7940979003906	1723.377197265625	53.23918151855469
