id	x	y	z
0	153.9886016845703	1434.741943359375	14.011443138122559
1	726.0244140625	1876.7060546875	22.461923599243164
2	654.42578125	1669.940673828125	25.696365356445312
3	772.2928466796875	1681.574462890625	30.790218353271484
4	805.9119873046875	1872.9666748046875	31.8580379486084
5	362.6226501464844	897.6206665039062	32.5733642578125
6	484.5601501464844	1747.2386474609375	34.29004669189453
7	788.599853515625	1517.813720703125	52.47202682495117
8	327.32720947265625	1725.68994140625	52.867427825927734
