id	corresponding_timepoint_id	corresponding_viewsetup_id	corresponding_label	corresponding_id
51	832	2	all	45
62	832	2	all	61
12	832	2	all	11
35	832	2	all	31
49	832	2	all	47
56	832	2	all	52
72	832	1	all	66
31	832	2	all	28
24	832	2	all	22
43	832	2	all	38
1	832	2	all	1
65	832	2	all	68
45	832	2	all	43
47	832	0	all	58
25	832	2	all	23
14	832	2	all	12
37	832	2	all	34
42	832	1	all	81
55	832	2	all	51
23	832	0	all	74
7	832	2	all	8
39	832	2	all	36
53	832	2	all	48
22	832	2	all	16
8	832	2	all	7
28	832	2	all	27
34	832	0	all	53
73	832	2	all	76
26	832	2	all	25
11	832	2	all	10
67	832	2	all	66
16	832	2	all	15
63	832	2	all	63
65	840	2	all	63
25	840	0	all	26
48	840	2	all	43
53	840	2	all	51
58	840	1	all	62
10	840	0	all	71
49	840	2	all	44
11	840	2	all	10
15	840	0	all	77
40	840	2	all	35
9	840	2	all	8
34	840	1	all	52
13	840	2	all	9
75	840	2	all	73
1	840	2	all	1
22	840	2	all	18
74	840	2	all	72
60	840	2	all	57
16	840	2	all	15
33	840	0	all	66
46	840	2	all	41
77	840	2	all	75
39	840	2	all	34
59	840	2	all	58
73	840	2	all	70
35	840	2	all	30
6	840	2	all	6
52	840	2	all	47
66	840	2	all	64
28	840	2	all	23
63	840	2	all	61
62	840	1	all	64
12	840	2	all	12
32	840	2	all	28
31	840	2	all	27
67	840	2	all	65
45	840	2	all	38
32	836	2	all	30
12	836	2	all	13
10	836	2	all	8
11	836	2	all	11
67	836	2	all	65
54	836	2	all	52
8	836	2	all	7
46	836	2	all	42
52	836	2	all	49
62	836	2	all	59
40	836	2	all	36
72	836	1	all	74
21	836	2	all	19
49	836	2	all	45
66	836	2	all	63
55	836	2	all	50
74	836	2	all	74
65	836	2	all	62
18	836	2	all	17
42	836	0	all	63
25	836	0	all	23
68	836	2	all	66
15	836	2	all	15
33	836	2	all	27
22	836	2	all	20
24	836	2	all	23
59	836	2	all	55
73	836	2	all	72
77	836	2	all	77
28	836	2	all	29
9	836	2	all	9
26	836	2	all	25
58	836	2	all	54
13	836	2	all	14
23	836	2	all	21
53	836	2	all	48
39	836	2	all	35
35	836	2	all	32
48	836	2	all	44
6	836	2	all	6
61	836	2	all	57
75	836	2	all	75
43	836	2	all	39
44	836	2	all	40
27	836	2	all	22
45	836	2	all	41
63	836	2	all	60
16	836	2	all	16
52	838	2	all	51
5	838	0	all	75
19	838	2	all	18
47	838	0	all	56
25	838	1	all	3
35	838	2	all	35
40	838	2	all	41
22	838	2	all	21
54	838	2	all	56
32	838	2	all	31
24	838	2	all	24
33	838	0	all	63
43	838	2	all	44
45	838	2	all	43
1	838	2	all	1
46	838	2	all	45
48	838	2	all	47
21	838	2	all	20
63	838	2	all	66
28	838	2	all	27
14	838	2	all	14
59	838	2	all	61
62	838	0	all	34
44	838	2	all	42
27	838	2	all	23
11	838	2	all	10
20	838	2	all	19
8	838	2	all	7
15	838	2	all	15
23	838	2	all	22
65	838	2	all	68
75	838	2	all	79
9	838	2	all	8
31	838	2	all	30
74	838	2	all	78
18	838	2	all	17
66	838	2	all	69
73	838	2	all	76
39	838	2	all	40
67	838	2	all	71
37	838	2	all	38
10	838	2	all	9
49	838	2	all	50
26	838	2	all	26
12	838	2	all	11
13	838	2	all	13
6	838	2	all	5
53	838	2	all	52
16	838	2	all	16
61	838	2	all	63
62	831	1	all	68
12	831	2	all	11
35	831	2	all	32
49	831	2	all	47
56	831	2	all	52
72	831	2	all	73
31	831	2	all	29
24	831	2	all	22
43	831	2	all	39
1	831	2	all	1
45	831	2	all	42
47	831	0	all	59
25	831	2	all	23
14	831	2	all	12
42	831	1	all	82
55	831	2	all	51
23	831	0	all	76
10	831	2	all	9
54	831	1	all	12
19	831	2	all	19
7	831	2	all	8
53	831	2	all	49
22	831	2	all	15
28	831	2	all	24
34	831	2	all	31
73	831	2	all	74
74	831	2	all	76
11	831	2	all	10
75	831	2	all	77
46	831	2	all	43
58	831	2	all	58
5	831	2	all	5
63	831	2	all	62
67	839	2	all	68
32	839	2	all	29
11	839	2	all	11
74	839	2	all	75
24	839	2	all	22
53	839	2	all	48
25	839	2	all	23
4	839	2	all	4
68	839	2	all	69
63	839	2	all	63
12	839	2	all	10
10	839	1	all	48
18	839	2	all	16
1	839	2	all	1
28	839	2	all	26
6	839	2	all	5
8	839	2	all	7
9	839	2	all	9
21	839	2	all	19
62	839	2	all	61
19	839	2	all	17
50	839	2	all	46
34	839	1	all	54
16	839	2	all	15
79	839	2	all	78
13	839	2	all	13
46	839	2	all	42
49	839	2	all	45
75	839	2	all	76
59	839	2	all	58
48	839	2	all	44
5	839	2	all	6
22	839	2	all	20
52	839	2	all	47
45	839	2	all	39
58	839	2	all	57
39	839	2	all	36
40	839	2	all	37
73	839	2	all	73
31	839	2	all	28
61	839	2	all	60
66	839	2	all	66
44	839	2	all	38
20	837	2	all	19
1	837	2	all	1
25	837	0	all	28
6	837	2	all	4
54	837	2	all	53
39	837	2	all	38
44	837	2	all	42
43	837	2	all	41
52	837	2	all	52
37	837	2	all	36
33	837	0	all	65
60	837	1	all	77
12	837	2	all	11
79	837	2	all	79
47	837	2	all	46
45	837	2	all	43
59	837	2	all	58
21	837	2	all	21
26	837	2	all	27
67	837	2	all	69
35	837	2	all	34
56	837	1	all	23
48	837	2	all	47
34	837	2	all	33
65	837	2	all	66
40	837	2	all	39
22	837	2	all	20
28	837	2	all	29
63	837	2	all	64
62	837	2	all	62
18	837	2	all	17
61	837	2	all	61
74	837	2	all	76
24	837	2	all	23
4	837	2	all	3
75	837	2	all	77
53	837	2	all	50
42	837	1	all	78
66	837	2	all	67
31	837	2	all	30
13	837	2	all	14
73	837	2	all	74
9	837	2	all	8
16	837	2	all	16
19	837	2	all	18
49	837	2	all	48
51	833	2	all	47
62	833	2	all	62
18	833	2	all	17
12	833	2	all	10
35	833	2	all	33
59	833	2	all	59
49	833	2	all	49
72	833	1	all	66
31	833	2	all	32
24	833	2	all	24
1	833	2	all	1
65	833	2	all	70
77	833	2	all	80
45	833	2	all	42
47	833	0	all	55
25	833	2	all	25
66	833	2	all	66
14	833	2	all	13
37	833	2	all	37
42	833	1	all	79
55	833	2	all	52
23	833	2	all	21
10	833	2	all	9
60	833	2	all	60
54	833	2	all	54
19	833	2	all	18
33	833	0	all	60
48	833	2	all	48
39	833	2	all	39
53	833	2	all	50
22	833	2	all	16
68	833	2	all	69
32	833	2	all	30
8	833	2	all	8
28	833	2	all	27
34	833	2	all	31
40	833	2	all	36
73	833	2	all	75
26	833	2	all	26
74	833	2	all	77
11	833	2	all	12
13	833	2	all	14
75	833	2	all	78
46	833	2	all	45
58	833	2	all	58
5	833	0	all	73
67	833	2	all	68
16	833	2	all	15
63	833	2	all	64
51	834	2	all	49
62	834	2	all	64
12	834	2	all	13
35	834	2	all	35
59	834	2	all	60
49	834	2	all	50
21	834	2	all	20
72	834	1	all	71
31	834	2	all	31
24	834	2	all	24
1	834	2	all	1
65	834	2	all	69
77	834	2	all	81
45	834	2	all	44
47	834	2	all	48
25	834	1	all	4
66	834	2	all	68
27	834	2	all	26
14	834	2	all	14
37	834	2	all	37
42	834	1	all	85
55	834	2	all	56
23	834	2	all	21
10	834	2	all	10
60	834	2	all	62
54	834	2	all	55
19	834	2	all	19
33	834	2	all	33
7	834	2	all	9
48	834	2	all	51
39	834	2	all	39
53	834	2	all	53
22	834	2	all	17
32	834	2	all	32
79	834	1	all	35
8	834	2	all	8
28	834	2	all	27
34	834	0	all	52
17	834	2	all	18
40	834	2	all	40
73	834	2	all	76
9	834	2	all	11
74	834	2	all	78
11	834	2	all	12
75	834	2	all	79
46	834	2	all	46
58	834	2	all	59
52	834	2	all	52
67	834	2	all	70
16	834	2	all	16
63	834	2	all	66
62	830	0	all	30
12	830	1	all	67
35	830	2	all	33
49	830	2	all	48
72	830	1	all	74
70	830	2	all	73
31	830	2	all	29
24	830	2	all	23
4	830	2	all	5
43	830	2	all	40
1	830	2	all	1
65	830	2	all	70
47	830	0	all	57
25	830	1	all	5
14	830	2	all	13
61	830	2	all	60
37	830	2	all	35
42	830	2	all	39
10	830	2	all	8
54	830	1	all	11
33	830	2	all	30
7	830	2	all	9
48	830	2	all	47
53	830	2	all	49
68	830	2	all	69
28	830	2	all	26
34	830	2	all	31
73	830	2	all	75
74	830	2	all	77
75	830	2	all	78
58	830	2	all	56
67	830	2	all	68
16	830	1	all	62
63	830	2	all	62
