id	x	y	z
0	437.4398498535156	1297.26708984375	6.4653778076171875
1	403.6017761230469	1214.1263427734375	6.815739154815674
2	481.8243713378906	1271.98681640625	6.571927547454834
3	383.337646484375	1338.693115234375	6.764801979064941
4	325.07232666015625	1238.162353515625	8.104026794433594
5	433.6185607910156	1347.6026611328125	7.616871356964111
6	481.2726745605469	1230.0067138671875	9.129081726074219
7	327.8902893066406	1288.6748046875	9.411131858825684
8	500.34429931640625	1318.9652099609375	8.817051887512207
9	347.06317138671875	1333.965087890625	9.600650787353516
10	384.0018310546875	1147.415771484375	11.19637680053711
11	373.5254211425781	1190.56494140625	10.805164337158203
12	318.3858642578125	1199.8988037109375	11.210865020751953
13	369.6907653808594	1252.9129638671875	11.436334609985352
14	414.0672302246094	1373.20166015625	11.272554397583008
15	485.8366394042969	1364.7520751953125	11.903278350830078
16	435.58758544921875	1234.502197265625	12.763992309570312
17	493.5718688964844	1235.8642578125	12.62414836883545
18	461.84808349609375	1282.340576171875	12.968134880065918
19	413.10711669921875	1293.781494140625	13.22183609008789
20	492.8994445800781	1160.826416015625	14.20943546295166
21	508.8238830566406	1215.247314453125	14.011675834655762
22	313.4978332519531	1334.8919677734375	14.24103832244873
23	372.2657165527344	1376.8704833984375	14.266303062438965
24	370.7165222167969	1110.416748046875	15.444722175598145
25	318.5031433105469	1153.37548828125	14.809764862060547
26	428.06884765625	1203.212646484375	14.66588306427002
27	513.5295715332031	1323.8634033203125	14.763310432434082
28	425.33758544921875	1389.8004150390625	14.901928901672363
29	451.46575927734375	1113.0789794921875	16.140033721923828
30	348.40130615234375	1235.816162109375	15.760391235351562
31	298.029052734375	1272.4149169921875	15.490221977233887
32	474.3114929199219	1386.841796875	16.26919174194336
33	376.1592712402344	1183.9482421875	17.006614685058594
34	411.46697998046875	1320.5157470703125	17.18620491027832
35	451.56964111328125	1333.504638671875	16.501184463500977
36	300.3667907714844	1676.8831787109375	17.474576950073242
37	422.6109924316406	1138.84375	17.512290954589844
38	539.4190673828125	1230.2337646484375	18.014537811279297
39	473.78680419921875	1238.7794189453125	17.959636688232422
40	443.6650390625	1082.0106201171875	19.207733154296875
41	505.3619384765625	1109.1573486328125	18.760160446166992
42	476.324951171875	1184.9180908203125	19.194076538085938
43	279.9161376953125	1210.273681640625	19.43905258178711
44	530.4872436523438	1294.2125244140625	18.93145179748535
45	306.0826416015625	1338.2515869140625	18.60376739501953
46	356.6601867675781	1087.9765625	19.631553649902344
47	312.6026306152344	1107.9102783203125	20.27782440185547
48	535.6102294921875	1199.7593994140625	19.972951889038086
49	438.0867004394531	1245.6563720703125	19.779502868652344
50	355.00762939453125	1263.984619140625	20.08635139465332
51	464.35968017578125	1305.17333984375	20.090911865234375
52	359.7998962402344	1373.1925048828125	19.74262046813965
53	436.1931457519531	1186.39990234375	21.253686904907227
54	335.5200500488281	1199.833984375	20.75126838684082
55	284.4632263183594	1245.6329345703125	21.485506057739258
56	393.6164245605469	1311.308837890625	21.505535125732422
57	494.57440185546875	1361.724609375	21.07708740234375
58	553.6380615234375	1696.973388671875	20.860605239868164
59	457.02398681640625	1045.6129150390625	21.764963150024414
60	370.6541442871094	1132.6351318359375	21.777252197265625
61	336.1812744140625	1159.6243896484375	21.96219253540039
62	418.13433837890625	1378.040283203125	22.28451919555664
63	387.9269714355469	1060.95654296875	22.756977081298828
64	500.6810607910156	1150.07275390625	23.518516540527344
65	545.17822265625	1266.873291015625	23.051488876342773
66	476.7990417480469	1273.1033935546875	23.509641647338867
67	293.56219482421875	1291.9168701171875	22.848325729370117
68	354.92559814453125	1364.3018798828125	22.901044845581055
69	501.5860595703125	1066.508056640625	23.860422134399414
70	315.15972900390625	1083.2930908203125	23.79694938659668
71	446.7685852050781	1122.9144287109375	24.382017135620117
72	497.5796203613281	1226.10302734375	23.817407608032227
73	393.18853759765625	1278.1090087890625	24.239933013916016
74	503.89508056640625	1342.8837890625	24.031078338623047
75	534.2435913085938	1108.3826904296875	24.572914123535156
76	288.0936279296875	1138.857666015625	25.21554946899414
77	572.171142578125	1173.646484375	24.981914520263672
78	334.5111083984375	1181.044921875	24.89954376220703
79	354.69329833984375	1243.6455078125	24.57944679260254
80	456.86968994140625	1364.8143310546875	24.955568313598633
81	374.6257629394531	1017.1759033203125	26.32005500793457
82	477.9906921386719	1020.7572021484375	26.40262794494629
83	308.865478515625	1064.7906494140625	26.568002700805664
84	405.5837097167969	1119.65673828125	26.2934627532959
85	526.897216796875	1311.6771240234375	26.0335693359375
86	553.5244140625	1113.2261962890625	26.734149932861328
87	282.4408874511719	1189.1080322265625	26.756662368774414
88	561.0331420898438	1232.3427734375	27.001256942749023
89	432.9281921386719	1304.15380859375	26.684789657592773
90	334.3192443847656	1322.239990234375	27.461742401123047
91	525.566650390625	1016.6265869140625	28.104663848876953
92	340.4165344238281	1066.0462646484375	28.17453384399414
93	344.9153137207031	1130.41162109375	27.803436279296875
94	389.0471496582031	1163.8785400390625	27.97591209411621
95	433.98992919921875	1200.1507568359375	27.723363876342773
96	391.8210144042969	1256.9849853515625	27.60138511657715
97	392.61041259765625	1350.0013427734375	27.71877098083496
98	440.7604675292969	1008.1907348632812	28.357467651367188
99	379.0408935546875	1092.729736328125	28.554443359375
100	513.1040344238281	1106.581787109375	29.28900718688965
101	523.2395629882812	1211.9832763671875	29.116987228393555
102	363.85284423828125	1223.3712158203125	29.070688247680664
103	336.177490234375	1006.064453125	31.369890213012695
104	396.5487365722656	1013.8123779296875	30.465150833129883
105	313.5036315917969	1034.9949951171875	29.56397247314453
106	548.9891357421875	1078.634521484375	30.01951026916504
107	480.6168518066406	1208.7811279296875	29.72462272644043
108	302.69488525390625	1248.4500732421875	29.967737197875977
109	527.228515625	1288.5709228515625	29.863719940185547
110	720.6248779296875	1619.9803466796875	30.100337982177734
111	411.5065002441406	962.224365234375	31.266685485839844
112	506.7719421386719	1162.8673095703125	31.448678970336914
113	408.387451171875	1219.0123291015625	30.94784927368164
114	430.9534912109375	1270.0916748046875	31.194669723510742
115	467.2159118652344	963.8097534179688	32.036258697509766
116	514.7157897949219	980.1746826171875	31.922258377075195
117	335.24169921875	1005.1229248046875	31.788169860839844
118	419.21697998046875	1089.6689453125	32.294368743896484
119	357.71881103515625	1115.9478759765625	32.46136474609375
120	565.5660400390625	1155.9102783203125	31.857437133789062
121	302.4401550292969	1199.1497802734375	31.682235717773438
122	350.3993225097656	1295.6575927734375	32.08711242675781
123	478.07861328125	1315.5013427734375	32.14515686035156
124	363.2411193847656	1034.872314453125	32.99643325805664
125	472.6529541015625	1121.2965087890625	32.69136428833008
126	291.2519226074219	1129.1571044921875	33.11056137084961
127	411.3586120605469	1140.3875732421875	33.13004684448242
128	367.9974365234375	1166.1602783203125	33.15223693847656
129	405.93292236328125	1312.9459228515625	33.478111267089844
130	378.6352233886719	965.10205078125	33.62907409667969
131	533.427978515625	997.2194213867188	34.489070892333984
132	488.9767761230469	1017.1331176757812	33.73900604248047
133	455.4956359863281	1067.557861328125	34.13921356201172
134	570.7791137695312	1121.9208984375	33.937950134277344
135	404.1526184082031	1195.41357421875	34.27180480957031
136	551.7017211914062	1237.62060546875	33.91901779174805
137	787.4263305664062	1826.6927490234375	33.964481353759766
138	351.8148498535156	974.8762817382812	35.181671142578125
139	532.3292236328125	1068.421630859375	34.88727569580078
140	564.25732421875	1187.3642578125	34.54417419433594
141	332.888671875	1238.93994140625	34.49660110473633
142	508.79107666015625	1271.31201171875	34.93466567993164
143	333.9146423339844	1023.551025390625	35.649192810058594
144	573.6763916015625	1064.739990234375	36.31060791015625
145	455.3571472167969	1200.60205078125	36.44878005981445
146	526.4691162109375	1229.1439208984375	36.257564544677734
147	412.58941650390625	1284.656982421875	36.17989730834961
148	503.8612060546875	1054.26708984375	37.11983871459961
149	416.952392578125	1165.71533203125	36.89058303833008
150	335.72808837890625	1207.291015625	37.43655776977539
151	391.2090759277344	1128.1129150390625	38.025970458984375
152	352.6348876953125	1160.7357177734375	38.32743453979492
153	438.86224365234375	971.2943725585938	38.853126525878906
154	407.2831726074219	992.2127685546875	39.06481170654297
155	549.5933227539062	1218.8250732421875	38.48648452758789
156	386.67791748046875	1234.33056640625	38.546043395996094
157	438.9810791015625	1255.624267578125	38.82571029663086
158	446.49981689453125	1052.9654541015625	39.492374420166016
159	555.0157470703125	1056.2706298828125	39.627750396728516
160	332.3551025390625	1067.7080078125	40.4453239440918
161	474.4434509277344	1092.4892578125	39.92210388183594
162	571.9967651367188	1115.425048828125	40.448570251464844
163	455.8426513671875	1172.101318359375	39.982887268066406
164	368.61627197265625	1191.6484375	40.48374557495117
165	528.2837524414062	1186.9161376953125	40.394405364990234
166	503.30712890625	1152.42138671875	40.30718231201172
167	511.39727783203125	1229.2369384765625	41.334224700927734
168	385.5665283203125	986.1522216796875	41.55100631713867
169	506.96197509765625	996.58740234375	42.02687454223633
170	368.9230041503906	1034.7384033203125	41.69278335571289
171	372.79608154296875	1150.203125	42.2177848815918
172	429.285888671875	1220.69580078125	42.29633331298828
173	734.5838623046875	1631.2591552734375	42.195186614990234
174	557.4036865234375	966.6598510742188	42.84651565551758
175	363.2493896484375	1115.021240234375	43.9305305480957
176	493.81634521484375	1167.6221923828125	43.768009185791016
177	436.1226806640625	989.9498901367188	44.572933197021484
178	486.2655029296875	1031.6319580078125	45.36912536621094
179	383.46014404296875	1069.6998291015625	45.20890426635742
180	403.2981872558594	1112.3919677734375	45.261409759521484
181	401.0422058105469	1143.9647216796875	45.55904769897461
182	539.2994384765625	1154.61474609375	44.57081985473633
183	459.76617431640625	1181.046142578125	44.72731399536133
184	740.908935546875	1822.3516845703125	45.100791931152344
185	449.8277893066406	1013.7110595703125	46.05252456665039
186	502.5611267089844	1085.52294921875	46.04401779174805
187	530.85302734375	1080.9266357421875	45.814266204833984
188	442.4959411621094	1131.3017578125	45.88874053955078
189	504.06396484375	1128.281982421875	46.55708312988281
190	401.60467529296875	1033.5889892578125	47.31611633300781
191	439.12603759765625	1083.2716064453125	46.96055603027344
192	630.5783081054688	891.6827392578125	48.092628479003906
193	859.71826171875	1857.3934326171875	48.03141403198242
194	536.7445068359375	1469.5198974609375	54.33138656616211
195	709.4544067382812	1011.3857421875	57.962215423583984
196	131.60740661621094	874.3666381835938	60.616512298583984
197	556.31396484375	629.1682739257812	66.1903076171875
198	444.0711364746094	153.0704345703125	72.2387466430664
