id	x	y	z
0	447.21319580078125	1463.5831298828125	14.48487663269043
1	445.3980712890625	1404.8651123046875	18.080049514770508
2	763.5899047851562	1795.863037109375	32.62782669067383
3	540.122314453125	1296.6131591796875	34.317298889160156
4	492.7100524902344	1367.4810791015625	34.606658935546875
5	469.1585693359375	1262.61767578125	36.52085876464844
6	598.6801147460938	1149.15625	47.01216506958008
7	580.9635620117188	1648.6298828125	57.85646057128906
8	756.28076171875	1188.565185546875	61.366207122802734
