id	x	y	z
0	304.835205078125	1675.08447265625	18.506467819213867
1	557.2897338867188	1692.634765625	21.931921005249023
2	724.2549438476562	1618.00732421875	31.28542137145996
3	790.9108276367188	1823.2220458984375	35.306026458740234
4	740.1414184570312	1628.074951171875	43.39505386352539
5	745.9951171875	1819.7001953125	46.24033737182617
6	540.3851318359375	1467.5806884765625	55.4727783203125
7	714.5116577148438	1008.5748901367188	59.130577087402344
8	559.7684936523438	627.5835571289062	67.41253662109375
