id	corresponding_timepoint_id	corresponding_viewsetup_id	corresponding_label	corresponding_id
73	627	2	all	76
87	627	0	all	1
74	627	2	all	77
19	627	2	all	22
42	627	2	all	42
53	627	2	all	55
48	627	2	all	46
23	627	2	all	29
30	627	2	all	34
56	627	1	all	77
45	627	2	all	44
9	627	2	all	12
4	627	2	all	3
22	627	2	all	26
70	627	2	all	75
71	627	2	all	71
7	627	2	all	7
5	627	2	all	4
62	627	2	all	63
20	627	2	all	25
39	627	2	all	45
46	627	2	all	48
5	634	2	all	6
34	634	2	all	38
31	634	2	all	32
68	634	2	all	69
56	634	2	all	57
62	634	0	all	6
40	634	0	all	77
48	634	2	all	50
47	634	2	all	49
3	634	2	all	3
22	634	2	all	23
75	634	0	all	31
60	634	2	all	62
86	634	2	all	84
23	634	2	all	24
17	634	2	all	19
4	634	0	all	91
44	634	2	all	45
85	634	2	all	83
58	634	2	all	58
38	634	2	all	40
20	634	2	all	22
78	634	2	all	77
82	634	2	all	78
66	634	2	all	67
26	634	2	all	27
46	634	2	all	48
0	634	2	all	0
7	634	2	all	8
11	634	2	all	13
63	634	2	all	64
13	634	2	all	10
24	634	2	all	30
57	634	2	all	60
71	634	2	all	71
39	634	2	all	46
61	634	2	all	59
30	634	2	all	34
81	634	2	all	80
40	628	0	all	71
73	628	2	all	72
87	628	2	all	87
50	628	1	all	5
57	628	2	all	57
81	628	2	all	82
42	628	2	all	38
53	628	1	all	67
48	628	0	all	25
23	628	2	all	23
82	628	2	all	84
25	628	2	all	30
56	628	1	all	83
9	628	2	all	14
70	628	2	all	69
7	628	2	all	6
5	628	2	all	5
20	628	0	all	46
83	628	2	all	85
3	628	2	all	4
39	628	2	all	42
46	628	2	all	45
46	636	2	all	43
57	636	2	all	56
47	636	2	all	44
15	636	2	all	20
56	636	1	all	74
50	636	2	all	50
78	636	2	all	71
0	636	2	all	1
24	636	0	all	84
61	636	2	all	55
85	636	2	all	77
3	636	2	all	4
86	636	2	all	79
40	636	2	all	34
38	636	2	all	37
21	636	0	all	83
7	636	2	all	9
81	636	2	all	72
75	636	2	all	69
32	636	2	all	32
30	636	2	all	31
64	636	1	all	58
48	636	2	all	45
5	636	2	all	7
82	636	2	all	73
17	636	2	all	18
42	636	0	all	8
60	636	2	all	54
33	636	2	all	33
73	636	1	all	23
63	636	2	all	60
13	636	2	all	13
22	636	2	all	23
45	636	2	all	38
40	633	2	all	36
58	633	2	all	58
17	633	2	all	19
85	633	2	all	83
15	633	2	all	16
57	633	2	all	61
49	633	2	all	46
31	633	2	all	32
22	633	2	all	23
4	633	2	all	1
39	633	2	all	41
26	633	2	all	26
30	633	2	all	33
62	633	2	all	63
5	633	2	all	7
9	633	0	all	37
44	633	2	all	45
3	633	2	all	4
0	633	2	all	0
34	633	2	all	37
50	633	1	all	2
82	633	2	all	81
19	633	2	all	20
84	633	2	all	82
86	633	2	all	84
13	633	2	all	11
65	633	2	all	66
56	633	2	all	57
38	633	2	all	39
60	633	2	all	59
51	633	2	all	51
68	633	2	all	72
6	633	0	all	56
37	633	0	all	13
47	633	2	all	48
46	633	2	all	47
71	633	2	all	71
73	633	1	all	26
70	633	2	all	70
33	633	2	all	35
36	633	2	all	38
23	633	2	all	24
7	633	2	all	9
20	633	2	all	22
48	633	2	all	49
53	633	2	all	54
74	633	2	all	74
81	633	2	all	79
24	633	2	all	30
11	633	2	all	12
14	633	2	all	14
32	633	2	all	34
28	633	2	all	28
87	635	2	all	85
63	635	2	all	63
71	635	2	all	71
3	635	2	all	3
31	635	2	all	36
78	635	2	all	76
50	635	1	all	3
27	635	2	all	34
44	635	2	all	42
82	635	2	all	78
17	635	2	all	20
47	635	2	all	51
38	635	2	all	41
61	635	2	all	59
39	635	2	all	47
21	635	0	all	90
58	635	2	all	61
14	635	0	all	65
81	635	2	all	80
11	635	2	all	11
25	635	2	all	33
22	635	2	all	29
36	635	2	all	40
13	635	2	all	13
51	635	2	all	54
34	635	2	all	44
9	635	0	all	38
49	635	2	all	49
5	635	2	all	5
56	635	2	all	58
0	635	2	all	0
75	635	1	all	69
7	635	2	all	7
57	635	2	all	60
46	635	2	all	50
13	637	2	all	14
38	637	2	all	36
49	637	2	all	42
64	637	2	all	62
5	637	2	all	5
17	637	2	all	21
9	637	0	all	36
3	637	2	all	4
40	637	1	all	71
45	637	1	all	61
57	637	2	all	56
47	637	2	all	45
46	637	2	all	44
48	637	2	all	41
78	637	0	all	32
25	637	0	all	15
51	637	2	all	47
26	637	2	all	24
59	637	2	all	49
61	637	2	all	55
7	637	2	all	7
33	637	2	all	32
32	637	1	all	39
24	637	0	all	86
15	637	2	all	17
85	637	2	all	80
74	637	0	all	2
34	637	1	all	76
27	637	2	all	28
87	637	0	all	1
81	637	2	all	75
42	637	0	all	11
40	631	2	all	36
18	631	2	all	20
87	631	0	all	1
50	631	1	all	3
74	631	2	all	73
57	631	2	all	58
81	631	2	all	80
8	631	2	all	7
53	631	2	all	53
24	631	2	all	27
48	631	2	all	49
21	631	2	all	22
23	631	2	all	23
68	631	2	all	70
86	631	2	all	85
82	631	2	all	81
25	631	2	all	28
66	631	2	all	67
30	631	2	all	33
56	631	1	all	77
13	631	2	all	9
59	631	2	all	60
47	631	2	all	47
11	631	2	all	11
9	631	2	all	13
32	631	2	all	34
36	631	2	all	37
65	631	2	all	66
38	631	2	all	38
2	631	2	all	3
58	631	2	all	59
85	631	2	all	83
51	631	2	all	50
28	631	2	all	30
70	631	2	all	69
17	631	2	all	16
60	631	2	all	61
61	631	2	all	62
37	631	2	all	43
10	631	2	all	10
7	631	2	all	6
5	631	1	all	14
62	631	2	all	63
20	631	2	all	21
83	631	2	all	84
3	631	2	all	4
39	631	2	all	39
46	631	2	all	46
87	629	0	all	1
50	629	1	all	4
74	629	2	all	74
81	629	2	all	82
15	629	2	all	16
42	629	2	all	37
53	629	0	all	49
48	629	1	all	31
23	629	2	all	24
82	629	2	all	84
25	629	2	all	26
16	629	2	all	19
30	629	2	all	30
56	629	1	all	80
45	629	2	all	39
59	629	2	all	60
11	629	2	all	10
9	629	2	all	13
32	629	2	all	32
58	629	2	all	59
85	629	2	all	87
51	629	2	all	53
70	629	2	all	69
37	629	2	all	38
10	629	2	all	9
5	629	2	all	5
62	629	2	all	65
83	629	2	all	86
3	629	2	all	4
39	629	2	all	40
79	629	2	all	83
46	629	2	all	44
40	630	2	all	36
87	630	2	all	84
50	630	1	all	2
74	630	2	all	71
81	630	2	all	78
15	630	2	all	13
26	630	2	all	25
42	630	2	all	38
53	630	0	all	48
24	630	2	all	23
48	630	2	all	43
23	630	2	all	19
86	630	2	all	83
82	630	2	all	79
25	630	2	all	24
16	630	2	all	14
66	630	2	all	63
30	630	2	all	28
56	630	1	all	71
84	630	2	all	80
13	630	2	all	10
9	630	2	all	11
32	630	2	all	30
38	630	2	all	34
58	630	2	all	54
85	630	2	all	82
51	630	2	all	50
22	630	2	all	17
70	630	2	all	67
17	630	2	all	15
61	630	2	all	57
37	630	2	all	39
10	630	2	all	7
35	630	2	all	32
5	630	2	all	4
62	630	2	all	60
27	630	2	all	26
83	630	2	all	81
3	630	2	all	2
39	630	2	all	35
46	630	2	all	41
