id	x	y	z
0	447.0243225097656	1294.8499755859375	6.368030071258545
1	482.8757629394531	1278.23974609375	6.832001686096191
2	403.19482421875	1209.9971923828125	7.742273807525635
3	323.7996826171875	1225.456298828125	7.7451934814453125
4	476.5332336425781	1235.0836181640625	8.534736633300781
5	331.5645446777344	1282.984375	8.123250007629395
6	502.8103942871094	1319.113037109375	8.566120147705078
7	437.6479797363281	1355.07080078125	7.783543586730957
8	342.55645751953125	1336.1942138671875	9.111138343811035
9	505.45574951171875	846.3093872070312	10.370870590209961
10	451.4526672363281	1192.8699951171875	10.313376426696777
11	519.9866943359375	1258.5933837890625	10.363884925842285
12	410.5893859863281	1378.9755859375	10.329099655151367
13	397.8840026855469	1152.068359375	10.973708152770996
14	427.8152160644531	1234.5313720703125	12.725769996643066
15	465.88592529296875	1277.4136962890625	13.241986274719238
16	309.3069152832031	1329.3612060546875	13.471031188964844
17	501.3546142578125	1166.7391357421875	14.176024436950684
18	372.0765380859375	1208.260986328125	14.378026962280273
19	348.49359130859375	1237.963134765625	14.288990020751953
20	487.4599609375	1234.5589599609375	13.782695770263672
21	414.2269287109375	1294.09423828125	13.749381065368652
22	510.8713684082031	1322.9088134765625	14.14443588256836
23	367.3612060546875	1383.084228515625	13.770143508911133
24	436.538818359375	1114.2398681640625	15.256705284118652
25	413.83465576171875	1120.9786376953125	14.623208999633789
26	321.9007263183594	1156.109375	14.83781909942627
27	407.2752685546875	1206.4129638671875	15.22046184539795
28	294.4691467285156	1269.914794921875	14.78298282623291
29	446.2116394042969	1353.9918212890625	14.185758590698242
30	485.2364807128906	1377.5999755859375	14.930353164672852
31	435.0248718261719	1388.6702880859375	14.841475486755371
32	376.34539794921875	1118.5233154296875	15.412630081176758
33	451.5	1115.5	16.0
34	499.4897155761719	1212.894775390625	15.668513298034668
35	538.3553466796875	1284.770263671875	16.83741569519043
36	374.13372802734375	1288.642822265625	17.386655807495117
37	407.88067626953125	1321.8917236328125	16.83348274230957
38	300.1567687988281	1677.2349853515625	17.357879638671875
39	366.390869140625	1176.56787109375	17.59453010559082
40	353.5428466796875	1375.132080078125	18.269237518310547
41	506.1138916015625	1110.9046630859375	19.096694946289062
42	538.4108276367188	1139.4451904296875	18.543479919433594
43	277.864013671875	1210.3826904296875	19.138710021972656
44	490.8920593261719	1210.4237060546875	18.872228622436523
45	453.3944091796875	1254.6903076171875	19.100173950195312
46	305.1149597167969	1334.669677734375	18.741514205932617
47	452.3235778808594	1390.712158203125	19.3662166595459
48	354.8954772949219	1092.2039794921875	19.550039291381836
49	311.8683776855469	1111.4451904296875	20.249975204467773
50	473.39227294921875	1155.3104248046875	20.42522430419922
51	547.0415649414062	1214.95263671875	19.693410873413086
52	469.726318359375	1305.605712890625	20.286714553833008
53	335.2887878417969	1167.0518798828125	21.535987854003906
54	438.0249938964844	1189.561279296875	21.002836227416992
55	285.15667724609375	1248.9573974609375	21.383939743041992
56	554.1162719726562	1697.602783203125	20.710906982421875
57	437.7373962402344	1046.1138916015625	21.948843002319336
58	509.4805908203125	1051.1671142578125	21.85544776916504
59	450.4678039550781	1323.9189453125	22.253429412841797
60	386.6740417480469	1068.4024658203125	23.248676300048828
61	469.3963317871094	1101.854248046875	22.94957160949707
62	551.4744262695312	1125.8900146484375	23.25470733642578
63	471.6551208496094	1181.8231201171875	22.88248634338379
64	481.4166564941406	1286.224853515625	22.638813018798828
65	296.0184020996094	1295.9351806640625	23.175437927246094
66	502.3125305175781	1347.5948486328125	23.4945068359375
67	491.7242126464844	1066.3934326171875	23.893369674682617
68	312.65765380859375	1082.414794921875	24.620418548583984
69	449.4999084472656	1129.4564208984375	23.93305778503418
70	507.2947692871094	1132.065185546875	23.592405319213867
71	385.7292175292969	1210.9493408203125	24.14974594116211
72	361.7680358886719	1244.3349609375	24.181764602661133
73	418.80535888671875	1250.4053955078125	23.797969818115234
74	390.0332946777344	1283.652587890625	23.484642028808594
75	355.28741455078125	1364.1741943359375	23.63640594482422
76	433.4748840332031	1372.5982666015625	24.119401931762695
77	530.0679321289062	1092.387451171875	24.523714065551758
78	290.4975280761719	1133.2647705078125	25.18335723876953
79	544.37646484375	1284.3795166015625	24.76484489440918
80	354.54400634765625	1041.26904296875	26.389163970947266
81	308.6006774902344	1067.8050537109375	26.329980850219727
82	276.8923645019531	1184.330322265625	26.034677505493164
83	329.0274353027344	1190.421630859375	25.53325080871582
84	523.916259765625	1315.7979736328125	25.688100814819336
85	474.1714172363281	993.871826171875	27.00339126586914
86	386.2158203125	1012.2120971679688	27.107872009277344
87	398.0137939453125	1172.0501708984375	27.20050048828125
88	572.302734375	1195.6888427734375	26.776611328125
89	380.14300537109375	1256.212890625	26.642139434814453
90	427.506591796875	1300.0841064453125	27.023277282714844
91	526.5452880859375	1024.3162841796875	27.75160026550293
92	360.9219665527344	1214.095703125	27.72091293334961
93	334.0676574707031	1315.3985595703125	27.974647521972656
94	495.67950439453125	1338.4737548828125	27.95126724243164
95	396.1573791503906	1347.7803955078125	28.245458602905273
96	315.8119812011719	1032.2034912109375	29.49970054626465
97	346.2645263671875	1073.239501953125	29.3155460357666
98	347.3760681152344	1126.8804931640625	29.04137420654297
99	416.50823974609375	961.0335693359375	30.46586036682129
100	444.8258361816406	1001.7398681640625	29.498531341552734
101	553.0621948242188	1070.97802734375	29.75293731689453
102	508.31988525390625	1114.1700439453125	29.9490966796875
103	462.0794982910156	1130.7269287109375	30.521697998046875
104	535.6427612304688	1211.1590576171875	29.557098388671875
105	407.5977783203125	1221.7174072265625	30.419044494628906
106	473.8124084472656	1221.4483642578125	29.75115966796875
107	301.05474853515625	1241.1463623046875	30.129207611083984
108	531.6680908203125	1270.86767578125	29.54039764404297
109	440.481201171875	1345.2000732421875	30.53519630432129
110	720.715576171875	1620.618408203125	29.971590042114258
111	477.8328552246094	969.8297729492188	30.81757354736328
112	395.449462890625	1018.684326171875	30.71717071533203
113	476.67413330078125	1066.1180419921875	30.929882049560547
114	566.2068481445312	1153.5357666015625	31.15386390686035
115	514.1517028808594	1165.8802490234375	31.153940200805664
116	377.8378601074219	1175.7335205078125	31.081083297729492
117	303.7007751464844	1188.849609375	31.269519805908203
118	428.38568115234375	1272.21826171875	31.36351776123047
119	521.4276123046875	989.238525390625	32.20309066772461
120	413.53369140625	1100.78662109375	32.412559509277344
121	357.8341064453125	1299.220458984375	32.19755554199219
122	337.57171630859375	1005.9364013671875	33.37804412841797
123	291.0664367675781	1117.78076171875	33.16593551635742
124	484.60992431640625	1308.55419921875	33.26951599121094
125	421.829833984375	1323.2030029296875	33.418800354003906
126	375.04248046875	971.4369506835938	33.410057067871094
127	567.1299438476562	1196.6309814453125	34.11592483520508
128	333.121826171875	1241.8824462890625	34.47890090942383
129	787.3463134765625	1827.2335205078125	33.881290435791016
130	492.022216796875	1011.2671508789062	34.73722839355469
131	319.395751953125	1075.0311279296875	34.60694122314453
132	300.53179931640625	1100.2481689453125	35.22492980957031
133	511.2200622558594	1273.7413330078125	34.61976623535156
134	577.0109252929688	1122.5902099609375	37.102352142333984
135	383.41229248046875	1146.15185546875	36.69495391845703
136	415.3059387207031	1173.2825927734375	36.53795623779297
137	451.21173095703125	1200.7918701171875	37.51546859741211
138	409.2317199707031	1279.652587890625	36.64944839477539
139	415.15704345703125	984.9244384765625	38.29922103881836
140	470.84320068359375	1096.7115478515625	38.30801773071289
141	350.6741638183594	1171.397216796875	38.17730712890625
142	351.1783142089844	1219.2879638671875	38.0240478515625
143	509.0716552734375	1228.1448974609375	37.8980598449707
144	546.4205322265625	1218.3193359375	38.99949264526367
145	389.0374755859375	1224.106689453125	39.1026725769043
146	495.1648254394531	1227.3890380859375	38.74101638793945
147	501.9915771484375	996.8662719726562	40.42266082763672
148	364.0024108886719	1001.5289306640625	40.40679168701172
149	507.655029296875	1151.9786376953125	40.331878662109375
150	529.7132568359375	1189.478759765625	40.217254638671875
151	523.4676513671875	1232.8316650390625	39.64510726928711
152	441.7526550292969	1250.41552734375	39.823360443115234
153	455.5549621582031	970.972412109375	41.30339813232422
154	449.6251525878906	1059.512939453125	41.150333404541016
155	556.4984130859375	1061.6859130859375	41.402915954589844
156	324.3446960449219	1071.412109375	41.292625427246094
157	388.30108642578125	1186.7579345703125	41.113826751708984
158	482.8076171875	1061.6700439453125	42.0408935546875
159	734.3595581054688	1632.375244140625	42.028141021728516
160	557.165771484375	967.1107788085938	43.00605773925781
161	405.8788757324219	993.4532470703125	42.99027633666992
162	362.11083984375	1127.394287109375	43.33973693847656
163	394.9438781738281	1157.298583984375	43.4031982421875
164	498.8818359375	1160.4100341796875	43.27700424194336
165	434.6715087890625	1197.031494140625	43.29313659667969
166	490.482421875	1035.8377685546875	43.86308670043945
167	376.1275939941406	1077.3428955078125	43.790870666503906
168	522.1039428710938	1110.869873046875	43.82649612426758
169	650.1256103515625	1281.50927734375	44.10127639770508
170	443.88482666015625	1015.3851928710938	45.37916564941406
171	551.1883544921875	1145.4530029296875	44.502357482910156
172	741.1996459960938	1823.48291015625	45.08970260620117
173	468.1743469238281	1179.6910400390625	45.74119567871094
174	395.5517883300781	1045.284423828125	46.803741455078125
175	482.9530944824219	1057.7274169921875	46.9921760559082
176	476.37493896484375	1100.3355712890625	47.4781494140625
177	478.56390380859375	1131.9451904296875	47.27463150024414
178	433.9649963378906	1139.2908935546875	46.76888656616211
179	630.2991333007812	892.0538940429688	48.01665496826172
180	442.0229797363281	1070.97607421875	47.5081901550293
181	859.7137451171875	1857.849365234375	48.05293273925781
182	536.877685546875	1469.8770751953125	54.30571746826172
183	709.84619140625	1011.66455078125	57.96586990356445
184	132.08218383789062	875.1409301757812	60.65003204345703
185	556.1869506835938	629.7577514648438	66.15565490722656
186	786.3734130859375	1868.8946533203125	70.03056335449219
187	444.1271057128906	153.68641662597656	72.1190185546875
