id	x	y	z
0	354.59295654296875	1311.1531982421875	6.211668968200684
1	478.8083190917969	1313.3704833984375	8.138725280761719
2	326.49737548828125	1313.239013671875	9.826288223266602
3	369.2415771484375	1198.1761474609375	10.718280792236328
4	431.4707946777344	1229.9857177734375	11.475055694580078
5	358.8683166503906	1261.807373046875	11.248038291931152
6	416.3567810058594	1314.1568603515625	12.409729957580566
7	477.7200927734375	1375.3306884765625	11.710403442382812
8	312.1199035644531	1203.20556640625	13.114225387573242
9	528.0011596679688	1306.9156494140625	12.527153968811035
10	369.0447998046875	1364.1060791015625	13.05354118347168
11	440.7365417480469	1372.37744140625	12.773067474365234
12	332.18316650390625	1154.2760009765625	14.951302528381348
13	310.7159423828125	1287.939208984375	14.447315216064453
14	319.6728820800781	1361.9208984375	14.877084732055664
15	413.1806945800781	1313.8922119140625	15.878487586975098
16	399.1111145019531	1195.5245361328125	17.31564712524414
17	310.4539794921875	1200.1365966796875	17.1378116607666
18	464.5496826171875	1233.9093017578125	16.978046417236328
19	516.0838012695312	1341.8782958984375	17.239599227905273
20	420.5857849121094	1396.57421875	17.291650772094727
21	363.2402038574219	1116.3446044921875	18.271209716796875
22	352.8685302734375	1162.4151611328125	17.705768585205078
23	395.1950988769531	1263.513916015625	18.479259490966797
24	519.4152221679688	1206.1351318359375	19.421306610107422
25	495.73455810546875	1283.3748779296875	18.519264221191406
26	352.0646057128906	1362.5052490234375	18.70598602294922
27	306.4620056152344	1172.17236328125	20.427770614624023
28	378.4896545410156	1317.0811767578125	19.755107879638672
29	419.3216857910156	1374.2296142578125	20.440654754638672
30	547.532958984375	1259.1368408203125	21.237424850463867
31	361.44024658203125	1073.73193359375	22.010744094848633
32	352.9755859375	1111.1358642578125	21.57707405090332
33	457.5282287597656	1124.2921142578125	21.91799545288086
34	434.43365478515625	1179.7559814453125	22.064102172851562
35	503.0000305175781	1325.9451904296875	22.474811553955078
36	455.60394287109375	1381.871826171875	22.088098526000977
37	557.9733276367188	1693.6104736328125	22.063201904296875
38	291.9744873046875	1205.74853515625	22.863780975341797
39	304.9322509765625	1271.095947265625	22.700334548950195
40	415.8126525878906	1050.837646484375	23.49374771118164
41	375.4266662597656	1160.30078125	23.953035354614258
42	554.8096313476562	1215.3385009765625	23.61512565612793
43	475.605712890625	1268.91162109375	23.773935317993164
44	344.78106689453125	1056.031982421875	25.359899520874023
45	407.56573486328125	1119.644287109375	24.708335876464844
46	309.1230163574219	1133.6246337890625	25.258663177490234
47	377.9720458984375	1225.1954345703125	24.912405014038086
48	516.0597534179688	1094.3426513671875	26.201492309570312
49	562.2640991210938	1140.2435302734375	26.046226501464844
50	317.2803955078125	1252.49560546875	25.92618179321289
51	430.9840087890625	1290.6466064453125	25.61758804321289
52	382.29937744140625	1019.5935668945312	26.870092391967773
53	489.3367919921875	1233.310546875	27.022851943969727
54	541.202392578125	1238.234619140625	27.499197006225586
55	341.2496643066406	1330.5269775390625	27.15699005126953
56	493.7951965332031	1341.6527099609375	26.90322494506836
57	547.0552368164062	1281.9066162109375	27.937969207763672
58	390.41241455078125	1311.04248046875	27.79945945739746
59	427.82257080078125	1363.3824462890625	28.134220123291016
60	497.5779113769531	998.2749633789062	29.411706924438477
61	424.07659912109375	1010.0668334960938	29.34317970275879
62	321.5574951171875	1060.36669921875	29.406740188598633
63	562.6180419921875	1088.711181640625	29.160541534423828
64	301.6876220703125	1127.19384765625	28.89931869506836
65	390.09674072265625	1169.1097412109375	29.103105545043945
66	305.69677734375	1180.4605712890625	29.2553768157959
67	523.3668212890625	1058.4859619140625	29.979108810424805
68	396.7927551269531	1098.18994140625	30.08066177368164
69	440.4950256347656	1121.9656982421875	29.873170852661133
70	472.6955261230469	1153.609130859375	29.843948364257812
71	557.7622680664062	1182.6318359375	30.354089736938477
72	427.8226013183594	1236.6302490234375	29.89837646484375
73	382.2428283691406	986.8682250976562	31.193708419799805
74	495.9847106933594	1210.3857421875	30.717641830444336
75	571.1990356445312	1220.7022705078125	31.012723922729492
76	524.872802734375	1286.4609375	30.70763397216797
77	365.1563720703125	1289.247802734375	31.183530807495117
78	459.6024475097656	1314.17724609375	30.496217727661133
79	725.8811645507812	1618.63037109375	31.30955696105957
80	346.8697204589844	1009.0534057617188	32.16975021362305
81	573.6560668945312	1125.1827392578125	32.34906768798828
82	400.364013671875	1334.3115234375	31.768505096435547
83	473.20880126953125	990.748779296875	32.8740119934082
84	512.4254150390625	1016.5850219726562	33.29653549194336
85	341.297607421875	1223.906494140625	33.60821533203125
86	351.198974609375	1037.927001953125	33.97416305541992
87	311.4699401855469	1078.3948974609375	33.944278717041016
88	362.9263610839844	1107.8851318359375	33.87139892578125
89	312.476806640625	1172.11083984375	33.55794906616211
90	413.9715270996094	1051.5369873046875	34.48883056640625
91	577.5912475585938	1162.6881103515625	35.34196853637695
92	553.8236083984375	1234.8013916015625	35.01335144042969
93	514.2019958496094	1257.8974609375	35.427467346191406
94	479.3236999511719	1270.0391845703125	35.108970642089844
95	378.99627685546875	1278.9388427734375	35.090484619140625
96	791.3731079101562	1823.9815673828125	35.388248443603516
97	410.3449401855469	946.1873168945312	36.22298049926758
98	373.8514099121094	987.5450439453125	35.54690933227539
99	304.8717346191406	1118.2939453125	36.01078414916992
100	400.8502197265625	1141.3773193359375	36.0228157043457
101	447.6026611328125	1180.5194091796875	35.6795539855957
102	513.3565979003906	1181.1805419921875	35.67964172363281
103	430.135009765625	1301.3277587890625	35.78471374511719
104	471.1715393066406	945.0571899414062	36.947662353515625
105	575.86865234375	1096.0323486328125	36.63661193847656
106	415.14984130859375	1255.6732177734375	37.170989990234375
107	533.54443359375	983.34765625	37.509796142578125
108	448.3771667480469	1018.404296875	37.98068618774414
109	332.7767639160156	1159.974609375	38.36351776123047
110	376.1601867675781	1026.725341796875	39.325870513916016
111	325.576416015625	1098.220458984375	38.655311584472656
112	565.7059936523438	1196.09375	38.950374603271484
113	351.39892578125	1206.0167236328125	38.698001861572266
114	403.4649658203125	970.4102783203125	39.68812561035156
115	331.65692138671875	1041.87841796875	39.73348617553711
116	572.083740234375	1042.2919921875	39.86977767944336
117	402.49853515625	1073.0738525390625	39.53330612182617
118	378.2408752441406	1185.2484130859375	40.97972106933594
119	449.4303894042969	1226.7760009765625	41.391357421875
120	460.4107666015625	981.1566162109375	42.00847244262695
121	423.0260925292969	1020.0564575195312	42.12703323364258
122	483.5	1067.5	42.0
123	488.0907287597656	1124.7744140625	42.38544464111328
124	442.03192138671875	1186.4571533203125	41.62162780761719
125	526.789306640625	968.4393310546875	42.862667083740234
126	551.4685668945312	1105.6488037109375	42.75044250488281
127	343.10369873046875	1122.0423583984375	43.08321762084961
128	494.37451171875	1208.169189453125	42.83748245239258
129	741.678955078125	1628.260009765625	43.469722747802734
130	560.311767578125	966.0744018554688	44.485931396484375
131	527.9495849609375	1048.5601806640625	44.27069091796875
132	343.5826416015625	1079.24755859375	44.53929901123047
133	387.83880615234375	1092.961669921875	43.6622314453125
134	461.0684814453125	1124.40576171875	43.750755310058594
135	383.9685974121094	1142.5780029296875	44.02241516113281
136	536.4462890625	1159.73486328125	44.16031265258789
137	449.6821594238281	1196.2825927734375	43.730709075927734
138	354.9219055175781	1018.37060546875	44.82916259765625
139	469.2791748046875	1047.6138916015625	45.46330261230469
140	516.4817504882812	1088.8006591796875	46.055816650390625
141	538.7064819335938	1007.4382934570312	46.8626708984375
142	395.9943542480469	1012.26904296875	46.9737548828125
143	391.18060302734375	1046.9840087890625	47.119842529296875
144	446.6186828613281	1085.363037109375	46.5335807800293
145	414.8045959472656	1140.40283203125	47.379825592041016
146	476.8102722167969	1156.4696044921875	47.425785064697266
147	746.1468505859375	1820.7891845703125	46.540042877197266
148	447.77630615234375	1008.9574584960938	49.21719741821289
149	503.6433410644531	1016.1824951171875	48.95763397216797
150	452.1136474609375	1055.2969970703125	49.476470947265625
151	423.822998046875	1088.6295166015625	50.155067443847656
152	541.0360717773438	1468.134033203125	55.673763275146484
153	714.4796752929688	1010.1043701171875	59.33203125
