id	x	y	z
0	154.0670166015625	1435.0404052734375	14.011466026306152
1	725.9446411132812	1877.9808349609375	22.501235961914062
2	654.54443359375	1670.0367431640625	25.682544708251953
3	772.16650390625	1681.68994140625	30.813207626342773
4	376.2778625488281	1324.953857421875	32.45149230957031
5	806.1937255859375	1873.585693359375	31.893957138061523
6	362.65264892578125	896.8017578125	32.59676742553711
7	433.7699890136719	1333.345458984375	32.80131912231445
8	355.5017395019531	1365.1331787109375	32.75757598876953
9	389.7686462402344	1382.768798828125	33.23008346557617
10	448.1868896484375	1271.5819091796875	33.61592102050781
11	481.96246337890625	1285.908935546875	34.20404052734375
12	427.1812438964844	1291.1605224609375	33.833091735839844
13	422.2333068847656	1373.396484375	34.25345230102539
14	364.50042724609375	1393.5443115234375	33.76416015625
15	484.86749267578125	1747.2564697265625	34.28276062011719
16	391.6714782714844	1253.703369140625	35.11979293823242
17	393.64678955078125	1282.4727783203125	35.04897689819336
18	467.28179931640625	1338.260009765625	34.98481750488281
19	527.2745971679688	1212.4024658203125	35.829978942871094
20	446.268798828125	1217.9508056640625	35.501731872558594
21	303.1051330566406	1268.49853515625	36.22447204589844
22	337.90576171875	1270.583251953125	36.43535614013672
23	322.5648193359375	1306.4378662109375	35.66211700439453
24	541.1104736328125	1306.3748779296875	35.8919563293457
25	500.5207214355469	1318.073486328125	36.15880584716797
26	279.9021301269531	1338.6181640625	35.72344970703125
27	469.8795166015625	1186.45166015625	36.91411209106445
28	580.9554443359375	1137.95654296875	37.99125671386719
29	604.1181030273438	1159.9609375	37.45140075683594
30	370.6194152832031	1196.816162109375	37.82628631591797
31	589.3748168945312	1206.203125	37.86981964111328
32	560.46728515625	1264.041259765625	38.14535140991211
33	450.0950622558594	1413.0838623046875	38.26772689819336
34	466.8320617675781	1119.3985595703125	39.4506950378418
35	541.41748046875	1146.6243896484375	38.98455047607422
36	316.4412841796875	1232.5482177734375	39.098934173583984
37	589.6924438476562	1295.952880859375	39.206817626953125
38	399.0097351074219	1322.8834228515625	38.71791458129883
39	396.1614685058594	1370.2503662109375	39.4862174987793
40	284.2840270996094	1380.7259521484375	38.901248931884766
41	493.47381591796875	1376.7181396484375	38.72690200805664
42	508.8034973144531	1180.152587890625	40.20967102050781
43	425.889892578125	1212.3994140625	39.567466735839844
44	636.6642456054688	1236.1939697265625	39.99445343017578
45	374.68511962890625	1243.07666015625	39.160560607910156
46	270.7626037597656	1254.5760498046875	39.41069030761719
47	439.9066467285156	1289.8306884765625	39.96039581298828
48	530.8270263671875	1364.4803466796875	39.82098388671875
49	330.153076171875	1411.8333740234375	40.36985778808594
50	525.3212890625	1057.7276611328125	41.43085479736328
51	585.0451049804688	1092.529296875	41.09551239013672
52	442.33917236328125	1185.4158935546875	40.53282165527344
53	537.5486450195312	1245.93359375	41.33921432495117
54	340.8352966308594	1327.1737060546875	41.044254302978516
55	553.3095703125	1340.4757080078125	41.15424728393555
56	657.2869262695312	1101.2930908203125	41.50404357910156
57	414.0877380371094	1137.2802734375	42.28824234008789
58	309.4866638183594	1197.882568359375	42.20787811279297
59	464.9841613769531	1219.9241943359375	41.74123764038086
60	615.4285278320312	1278.5211181640625	42.49396514892578
61	254.06004333496094	1287.77099609375	42.26708984375
62	439.4830627441406	1365.4185791015625	41.85694122314453
63	475.115966796875	1415.1943359375	41.870338439941406
64	378.1915283203125	1432.6446533203125	41.513309478759766
65	434.9956359863281	1434.491455078125	42.38550567626953
66	580.3389282226562	1043.589111328125	43.27769088745117
67	437.04986572265625	1091.4166259765625	42.976768493652344
68	390.6499328613281	1117.6829833984375	42.88914489746094
69	682.2576904296875	1158.2921142578125	42.93714904785156
70	390.1589660644531	1181.781005859375	42.82405090332031
71	596.1730346679688	1192.613037109375	43.15058517456055
72	308.2082824707031	1301.4296875	42.649574279785156
73	372.66729736328125	1363.0574951171875	43.02702713012695
74	281.0478210449219	1369.1243896484375	43.21918487548828
75	555.9285278320312	1025.8778686523438	44.37220764160156
76	472.1443786621094	1155.7279052734375	44.38559341430664
77	327.5168762207031	1175.90283203125	43.64565658569336
78	428.0456237792969	1223.614990234375	44.428123474121094
79	548.4671630859375	1230.698974609375	43.7825813293457
80	403.50244140625	1283.9344482421875	44.181236267089844
81	327.40313720703125	1419.2916259765625	44.19644546508789
82	695.4173583984375	1013.2384033203125	44.602901458740234
83	546.2734985351562	1155.040283203125	45.06789779663086
84	575.0429077148438	1258.7548828125	45.28759765625
85	588.54541015625	1325.0206298828125	45.3773078918457
86	449.89471435546875	1071.415283203125	45.62222671508789
87	646.0548095703125	1082.2156982421875	46.042301177978516
88	436.6749267578125	1118.557373046875	46.016624450683594
89	356.6607360839844	1144.23779296875	46.06733322143555
90	510.9227294921875	1220.2010498046875	45.58940124511719
91	367.3144836425781	1224.8594970703125	46.21076965332031
92	274.02044677734375	1334.7322998046875	45.846622467041016
93	434.90948486328125	1419.2705078125	46.23100280761719
94	545.6941528320312	1062.715087890625	46.831787109375
95	304.5092468261719	1221.3714599609375	47.0610466003418
96	278.08154296875	1248.8057861328125	47.26667404174805
97	502.4978332519531	1262.6763916015625	47.16020202636719
98	340.34814453125	1279.8994140625	46.669654846191406
99	448.9212951660156	1291.9093017578125	47.15546798706055
100	364.38433837890625	1338.779052734375	47.507293701171875
101	530.6781616210938	1009.1981811523438	47.946754455566406
102	492.9044189453125	1050.08056640625	47.9670524597168
103	395.67901611328125	1118.7958984375	48.3350944519043
104	594.1450805664062	1143.0828857421875	48.43964767456055
105	411.3518981933594	1363.3238525390625	47.93464660644531
106	477.3822021484375	1407.253173828125	47.48523712158203
107	553.992919921875	1103.595947265625	49.44312286376953
108	637.7574462890625	1123.7095947265625	49.03289794921875
109	694.6257934570312	1147.0706787109375	48.08738327026367
110	386.5544738769531	1188.4522705078125	48.822959899902344
111	643.6943969726562	1210.085205078125	48.605953216552734
112	545.8032836914062	1300.2652587890625	49.199283599853516
113	604.4317016601562	1310.2540283203125	48.84663772583008
114	440.3650207519531	1333.559814453125	49.08174514770508
115	522.4014282226562	1374.264892578125	48.99794006347656
116	308.18310546875	1380.0399169921875	49.090579986572266
117	379.14959716796875	1420.8909912109375	48.53366470336914
118	445.7917175292969	1059.541748046875	49.851585388183594
119	505.2892761230469	1095.21826171875	49.8083381652832
120	600.3491821289062	1096.685791015625	49.94060134887695
121	327.0740051269531	1191.5264892578125	50.28458786010742
122	371.4464416503906	1253.9169921875	49.80759048461914
123	435.605224609375	1248.65673828125	50.253509521484375
124	577.8177490234375	1250.469970703125	50.03031539916992
125	371.261962890625	1306.9749755859375	50.203983306884766
126	523.5448608398438	1137.755859375	51.417232513427734
127	463.0437927246094	1152.99609375	51.08913803100586
128	426.83453369140625	1180.7076416015625	51.169952392578125
129	694.4658813476562	1176.927490234375	51.09196853637695
130	383.28765869140625	1203.724853515625	50.8119010925293
131	475.3787536621094	1306.1007080078125	51.162681579589844
132	314.76763916015625	1324.15576171875	51.019020080566406
133	413.6643981933594	1411.1571044921875	51.345096588134766
134	528.3400268554688	1000.9072265625	51.65193557739258
135	612.8567504882812	1017.2808837890625	52.171051025390625
136	665.4309692382812	1028.822998046875	52.30007553100586
137	687.00439453125	1131.7392578125	52.24590301513672
138	475.2597961425781	1203.3355712890625	51.64836883544922
139	545.5390014648438	1201.17529296875	51.507938385009766
140	658.1278686523438	1229.8787841796875	52.080238342285156
141	308.8451843261719	1256.69677734375	51.59360122680664
142	511.6444396972656	1276.186279296875	51.471771240234375
143	430.170654296875	1285.9114990234375	51.89938735961914
144	557.1576538085938	1338.837646484375	51.97371292114258
145	346.0528564453125	1387.2779541015625	51.607391357421875
146	562.5894775390625	1009.9201049804688	52.88288116455078
147	690.92431640625	1071.9552001953125	53.30819320678711
148	632.8048095703125	1085.2109375	52.872337341308594
149	359.61358642578125	1162.3125	52.56032180786133
150	577.1737060546875	1205.7691650390625	53.02607727050781
151	469.60369873046875	1275.2724609375	53.120994567871094
152	522.611572265625	1362.4237060546875	52.61198425292969
153	789.4752807617188	1518.3387451171875	52.739749908447266
154	327.6679382324219	1725.297119140625	52.93473815917969
155	394.90185546875	1145.5068359375	54.482513427734375
156	339.27313232421875	1210.89306640625	53.86323547363281
157	423.8478088378906	1214.117431640625	54.27597427368164
158	343.9237365722656	1265.112548828125	54.41981887817383
159	588.38623046875	1156.760498046875	54.69470977783203
160	353.8418273925781	1303.5665283203125	54.994197845458984
161	513.9514465332031	1209.50244140625	55.72539138793945
162	594.288818359375	1293.8087158203125	55.698974609375
163	372.7310485839844	1346.2198486328125	55.59803009033203
164	434.1488037109375	1363.9349365234375	55.97167205810547
165	521.1176147460938	1026.7180786132812	56.874794006347656
166	644.6655883789062	1039.20068359375	56.8716926574707
167	445.2808837890625	1090.9169921875	56.96232986450195
168	466.52581787109375	1135.829345703125	56.59528350830078
169	382.2858581542969	1234.5765380859375	57.09125900268555
170	619.1792602539062	1258.39111328125	56.871070861816406
171	535.9697875976562	1325.00634765625	56.84038162231445
172	480.9979248046875	1335.0179443359375	57.18180465698242
173	594.9468383789062	1050.517822265625	57.59601974487305
174	487.3243103027344	1061.00244140625	58.08082580566406
175	412.64703369140625	1246.3243408203125	58.411598205566406
176	565.5062866210938	1284.4984130859375	58.07594680786133
177	405.03997802734375	1298.098388671875	57.7334098815918
178	497.3447570800781	1096.3626708984375	58.764549255371094
179	627.3525390625	1106.405517578125	59.1551628112793
180	426.18389892578125	1137.7991943359375	58.613155364990234
181	642.5184326171875	1184.5780029296875	59.149314880371094
182	503.28619384765625	1285.4066162109375	59.49540710449219
183	444.9405822753906	1296.2437744140625	58.702537536621094
184	520.1516723632812	1076.550537109375	59.8745002746582
185	524.2403564453125	1246.615478515625	60.4234733581543
186	458.44293212890625	1266.4892578125	59.80164337158203
187	556.9892578125	1115.0753173828125	60.950172424316406
188	489.33843994140625	1137.3646240234375	60.63590621948242
189	470.243896484375	1192.437255859375	61.11453628540039
190	563.0513916015625	1225.1021728515625	60.584991455078125
191	526.147705078125	1156.2672119140625	62.482154846191406
192	607.7298583984375	1163.968994140625	61.904991149902344
