id	corresponding_timepoint_id	corresponding_viewsetup_id	corresponding_label	corresponding_id
50	747	0	all	50
49	747	0	all	49
89	747	0	all	90
86	747	2	all	21
36	747	0	all	36
42	747	0	all	41
9	747	0	all	8
26	747	0	all	28
4	747	1	all	30
2	747	0	all	2
64	747	0	all	65
6	747	0	all	7
78	747	2	all	1
8	747	0	all	10
77	747	1	all	23
35	747	0	all	35
69	747	0	all	70
66	747	0	all	68
41	747	0	all	40
13	747	0	all	15
37	747	0	all	38
58	747	0	all	55
74	747	0	all	74
85	747	0	all	88
45	747	0	all	44
7	747	0	all	9
34	747	0	all	34
63	747	0	all	60
61	747	0	all	63
27	747	0	all	30
54	747	0	all	64
91	747	0	all	92
25	747	0	all	27
12	747	0	all	14
70	747	0	all	72
43	747	0	all	43
16	747	0	all	17
48	747	0	all	48
83	747	0	all	84
3	747	0	all	3
81	747	0	all	82
20	747	0	all	20
24	747	0	all	26
84	747	0	all	86
15	747	0	all	16
10	747	0	all	11
1	747	0	all	1
11	747	0	all	12
72	747	0	all	73
53	747	2	all	12
46	747	0	all	45
91	749	0	all	89
27	749	0	all	23
36	749	0	all	30
56	749	0	all	51
70	749	0	all	68
89	749	0	all	86
83	749	0	all	80
88	749	1	all	62
82	749	2	all	21
6	749	0	all	5
35	749	0	all	29
37	749	0	all	32
55	749	0	all	58
10	749	0	all	6
47	749	0	all	42
49	749	0	all	44
7	749	0	all	8
76	749	0	all	71
85	749	0	all	84
28	749	1	all	77
44	749	0	all	38
46	749	0	all	41
42	749	0	all	36
58	749	0	all	53
43	749	0	all	40
8	749	0	all	9
4	749	2	all	88
1	749	2	all	66
57	749	1	all	55
41	749	0	all	35
63	749	0	all	59
16	749	0	all	14
87	749	0	all	85
72	749	0	all	69
29	749	2	all	52
54	749	0	all	57
45	749	0	all	39
64	749	0	all	60
25	749	0	all	24
66	749	0	all	65
61	749	0	all	55
4	750	2	all	87
45	750	0	all	42
89	750	0	all	89
10	750	0	all	9
56	750	2	all	29
60	750	1	all	93
91	750	0	all	91
37	750	0	all	33
84	750	0	all	85
40	750	0	all	35
28	750	1	all	80
46	750	1	all	76
44	750	0	all	40
77	750	0	all	74
25	750	0	all	25
50	750	0	all	48
47	750	0	all	44
49	750	0	all	47
8	750	0	all	7
16	750	0	all	15
1	750	2	all	67
64	750	0	all	66
41	750	0	all	37
72	750	0	all	73
43	750	0	all	39
36	750	0	all	31
76	750	0	all	77
74	750	2	all	18
55	750	0	all	61
57	750	1	all	59
66	750	0	all	68
7	750	0	all	6
27	750	0	all	24
61	750	0	all	57
32	750	1	all	30
88	750	0	all	86
82	750	0	all	82
35	750	0	all	30
70	750	0	all	71
85	750	0	all	87
83	750	0	all	83
69	750	0	all	72
5	750	0	all	4
24	750	0	all	23
0	750	0	all	0
12	750	0	all	13
42	750	0	all	38
64	746	0	all	69
42	746	0	all	44
66	746	0	all	72
78	746	0	all	82
36	746	0	all	38
47	746	0	all	50
26	746	0	all	30
41	746	0	all	43
55	746	0	all	60
49	746	0	all	52
28	746	0	all	34
63	746	0	all	67
27	746	0	all	32
20	746	0	all	23
48	746	0	all	51
16	746	0	all	20
4	746	2	all	86
44	746	0	all	47
32	746	0	all	36
2	746	0	all	3
52	746	0	all	56
25	746	0	all	28
12	746	0	all	15
81	746	0	all	85
74	746	0	all	77
85	746	0	all	89
11	746	0	all	10
3	746	0	all	4
89	746	0	all	92
43	746	0	all	46
23	746	0	all	22
61	746	0	all	65
40	746	0	all	42
39	746	0	all	41
77	746	0	all	81
1	746	0	all	2
10	746	0	all	14
35	746	0	all	37
54	746	0	all	59
9	746	0	all	13
65	746	0	all	71
86	746	0	all	90
57	746	0	all	62
15	746	0	all	18
45	746	0	all	48
29	746	0	all	29
46	746	0	all	49
84	746	0	all	88
24	746	0	all	26
83	746	0	all	87
82	746	0	all	86
58	746	0	all	57
72	746	0	all	76
7	746	0	all	11
13	746	0	all	16
83	748	0	all	81
28	748	2	all	81
20	748	0	all	21
3	748	0	all	3
47	748	0	all	45
15	748	0	all	17
4	748	0	all	5
89	748	0	all	86
54	748	0	all	62
8	748	0	all	12
58	748	0	all	54
86	748	0	all	88
16	748	0	all	18
55	748	0	all	63
46	748	0	all	44
6	748	0	all	9
81	748	0	all	82
70	748	0	all	71
12	748	0	all	15
60	748	1	all	90
11	748	0	all	10
17	748	0	all	19
66	748	0	all	68
64	748	0	all	64
49	748	0	all	47
36	748	0	all	35
37	748	0	all	37
27	748	0	all	27
91	748	0	all	89
45	748	0	all	43
7	748	0	all	11
85	748	0	all	85
82	748	0	all	80
76	748	0	all	74
18	748	1	all	12
25	748	0	all	28
61	748	0	all	60
42	748	0	all	40
41	748	0	all	39
44	748	0	all	42
10	748	0	all	13
1	748	0	all	2
2	748	0	all	1
72	748	0	all	72
61	741	0	all	57
15	741	0	all	16
17	741	0	all	17
76	741	0	all	74
60	741	2	all	71
42	741	0	all	38
73	741	0	all	69
83	741	0	all	77
88	741	0	all	80
27	741	0	all	26
23	741	0	all	22
64	741	0	all	59
81	741	0	all	78
45	741	0	all	40
20	741	0	all	19
82	741	0	all	76
65	741	0	all	60
85	741	1	all	89
53	741	0	all	49
54	741	0	all	50
34	741	0	all	35
43	741	0	all	41
7	741	0	all	9
2	741	0	all	2
16	741	0	all	15
74	741	0	all	67
1	741	0	all	3
48	741	0	all	47
49	741	0	all	44
69	741	0	all	64
87	741	0	all	83
36	741	0	all	33
89	741	0	all	84
47	741	0	all	43
31	741	0	all	31
91	741	0	all	86
56	741	0	all	52
66	741	0	all	61
61	742	0	all	61
76	742	0	all	75
60	742	1	all	96
26	742	0	all	27
77	742	1	all	29
42	742	0	all	35
73	742	1	all	64
83	742	0	all	80
88	742	1	all	71
80	742	0	all	77
27	742	0	all	28
23	742	0	all	23
4	742	1	all	38
10	742	0	all	13
64	742	0	all	62
6	742	0	all	7
45	742	0	all	44
44	742	0	all	42
20	742	0	all	20
13	742	0	all	14
82	742	1	all	81
65	742	0	all	64
85	742	0	all	83
53	742	0	all	52
54	742	0	all	54
34	742	0	all	33
12	742	0	all	11
78	742	0	all	76
7	742	0	all	10
2	742	0	all	3
16	742	0	all	17
74	742	0	all	70
41	742	0	all	39
1	742	0	all	2
25	742	0	all	25
48	742	0	all	48
49	742	0	all	43
69	742	0	all	68
46	742	0	all	47
87	742	0	all	85
36	742	0	all	34
11	742	0	all	9
89	742	0	all	86
91	742	0	all	88
56	742	0	all	56
66	742	0	all	65
55	744	0	all	53
61	744	0	all	61
15	744	0	all	16
17	744	0	all	18
76	744	1	all	70
60	744	1	all	85
26	744	0	all	26
77	744	1	all	23
42	744	0	all	41
73	744	1	all	52
83	744	0	all	82
88	744	1	all	60
80	744	0	all	79
27	744	0	all	28
23	744	0	all	22
4	744	1	all	30
10	744	0	all	12
64	744	0	all	63
6	744	0	all	7
81	744	0	all	80
45	744	0	all	47
20	744	0	all	20
13	744	0	all	14
39	744	0	all	36
82	744	0	all	81
65	744	0	all	64
85	744	0	all	83
54	744	0	all	52
9	744	0	all	11
34	744	2	all	53
57	744	2	all	40
8	744	0	all	10
7	744	0	all	8
2	744	0	all	2
16	744	0	all	17
74	744	0	all	72
50	744	0	all	48
41	744	0	all	33
1	744	0	all	1
25	744	0	all	25
48	744	0	all	46
49	744	0	all	43
69	744	0	all	67
46	744	0	all	44
87	744	0	all	85
18	744	0	all	19
36	744	0	all	32
89	744	0	all	86
31	744	0	all	34
56	744	0	all	54
66	744	0	all	65
55	740	0	all	54
15	740	0	all	15
76	740	0	all	74
60	740	0	all	58
73	740	1	all	59
83	740	0	all	80
23	740	0	all	23
64	740	0	all	63
45	740	0	all	42
22	740	0	all	22
37	740	1	all	58
44	740	0	all	37
20	740	0	all	19
82	740	0	all	82
65	740	0	all	65
85	740	0	all	83
54	740	0	all	53
34	740	0	all	36
43	740	0	all	43
7	740	0	all	10
16	740	0	all	17
50	740	0	all	48
24	740	0	all	26
48	740	0	all	46
46	740	0	all	44
36	740	0	all	35
11	740	0	all	12
47	740	0	all	45
56	740	0	all	55
61	743	0	all	58
76	743	1	all	79
26	743	0	all	28
77	743	0	all	68
42	743	0	all	41
73	743	1	all	63
83	743	0	all	77
80	743	0	all	75
27	743	0	all	29
23	743	0	all	25
4	743	2	all	91
64	743	0	all	59
45	743	0	all	46
3	743	0	all	0
44	743	0	all	42
20	743	0	all	22
13	743	0	all	16
82	743	0	all	76
65	743	0	all	60
85	743	0	all	80
54	743	0	all	52
12	743	0	all	14
86	743	0	all	81
78	743	0	all	72
7	743	0	all	11
52	743	0	all	51
2	743	0	all	3
16	743	0	all	18
74	743	0	all	69
72	743	0	all	66
50	743	0	all	47
41	743	0	all	39
1	743	0	all	2
28	743	1	all	84
25	743	0	all	26
48	743	0	all	45
49	743	0	all	43
46	743	0	all	48
87	743	0	all	82
18	743	0	all	21
11	743	0	all	13
89	743	0	all	83
91	743	0	all	85
66	743	0	all	61
