id	corresponding_timepoint_id	corresponding_viewsetup_id	corresponding_label	corresponding_id
20	750	2	all	15
76	750	2	all	75
57	750	2	all	56
39	750	2	all	41
16	750	2	all	14
93	750	2	all	91
9	750	1	all	42
80	750	2	all	79
83	750	2	all	82
84	750	2	all	83
21	750	2	all	21
90	750	2	all	88
49	750	2	all	48
73	750	2	all	73
31	750	2	all	30
32	750	2	all	35
46	750	2	all	46
19	750	2	all	17
23	750	2	all	20
27	750	0	all	55
54	750	2	all	57
4	750	0	all	90
10	750	2	all	8
35	750	2	all	37
44	750	2	all	45
88	750	2	all	89
34	750	2	all	34
52	750	1	all	3
58	750	2	all	52
29	750	2	all	28
43	750	0	all	76
24	750	2	all	26
8	750	2	all	6
71	750	2	all	72
63	750	2	all	64
40	750	2	all	36
62	750	2	all	63
0	750	2	all	0
1	750	2	all	1
60	750	1	all	53
86	750	2	all	85
13	750	2	all	13
65	750	2	all	66
14	750	2	all	12
45	750	2	all	49
81	750	2	all	81
18	750	2	all	16
48	750	2	all	44
26	750	1	all	10
66	750	2	all	67
11	750	2	all	9
7	750	2	all	7
41	750	2	all	42
76	752	2	all	74
57	752	2	all	58
39	752	2	all	42
16	752	2	all	15
67	752	2	all	67
93	752	2	all	93
9	752	2	all	8
70	752	2	all	71
80	752	2	all	82
3	752	2	all	3
83	752	2	all	88
84	752	2	all	84
22	752	2	all	25
21	752	2	all	24
90	752	2	all	91
17	752	2	all	22
49	752	2	all	50
73	752	2	all	73
31	752	2	all	32
32	752	2	all	34
46	752	2	all	48
12	752	2	all	12
19	752	2	all	21
54	752	2	all	55
4	752	2	all	4
10	752	2	all	10
87	752	2	all	87
35	752	2	all	36
44	752	2	all	47
88	752	2	all	89
72	752	2	all	68
34	752	2	all	37
52	752	2	all	51
58	752	2	all	59
29	752	2	all	30
43	752	0	all	66
24	752	2	all	26
61	752	2	all	62
8	752	2	all	7
42	752	2	all	45
71	752	2	all	72
63	752	2	all	64
40	752	2	all	38
62	752	2	all	63
0	752	2	all	0
37	752	2	all	39
2	752	2	all	2
15	752	2	all	18
60	752	1	all	55
86	752	2	all	86
13	752	2	all	17
82	752	2	all	81
65	752	2	all	65
55	752	2	all	56
81	752	1	all	80
18	752	2	all	20
77	752	2	all	77
26	752	2	all	27
66	752	2	all	66
38	752	2	all	41
59	752	2	all	60
11	752	2	all	11
41	752	2	all	44
5	752	2	all	5
20	748	2	all	17
57	748	2	all	56
16	748	2	all	13
67	748	2	all	63
93	748	2	all	89
70	748	2	all	68
84	748	2	all	82
22	748	2	all	21
17	748	2	all	14
73	748	2	all	69
31	748	1	all	86
85	748	1	all	45
32	748	2	all	38
46	748	2	all	45
19	748	2	all	19
27	748	0	all	59
54	748	2	all	53
25	748	2	all	25
10	748	0	all	72
35	748	2	all	36
88	748	2	all	85
56	748	2	all	55
34	748	1	all	3
52	748	2	all	47
58	748	2	all	50
43	748	0	all	77
71	748	1	all	40
15	748	2	all	16
60	748	1	all	48
13	748	2	all	15
65	748	2	all	62
14	748	2	all	11
55	748	2	all	54
81	748	1	all	77
26	748	0	all	33
59	748	2	all	57
11	748	2	all	10
7	748	2	all	7
5	748	2	all	5
20	751	2	all	17
76	751	2	all	70
57	751	2	all	53
39	751	2	all	38
16	751	2	all	13
93	751	2	all	88
80	751	2	all	76
3	751	2	all	3
83	751	2	all	78
84	751	2	all	79
22	751	2	all	22
21	751	2	all	24
90	751	2	all	85
17	751	2	all	18
49	751	2	all	46
73	751	2	all	68
31	751	2	all	31
85	751	2	all	80
32	751	2	all	35
46	751	2	all	44
19	751	2	all	21
54	751	2	all	54
10	751	2	all	8
28	751	0	all	70
35	751	2	all	37
44	751	2	all	43
88	751	2	all	83
56	751	2	all	52
34	751	2	all	34
52	751	2	all	47
58	751	2	all	49
29	751	2	all	29
43	751	0	all	75
8	751	2	all	6
42	751	2	all	41
71	751	2	all	67
63	751	2	all	59
40	751	2	all	36
0	751	2	all	0
2	751	2	all	2
60	751	1	all	49
86	751	2	all	81
13	751	2	all	15
82	751	2	all	75
65	751	2	all	61
14	751	2	all	11
55	751	2	all	55
81	751	2	all	77
18	751	2	all	20
48	751	2	all	42
26	751	2	all	26
66	751	2	all	62
11	751	2	all	9
41	751	2	all	39
42	757	2	all	41
49	757	2	all	47
22	757	2	all	20
6	757	2	all	5
45	757	2	all	44
48	757	2	all	46
57	757	2	all	56
25	757	2	all	23
39	757	2	all	36
26	757	2	all	22
66	757	2	all	64
0	757	2	all	0
58	757	2	all	57
73	757	2	all	69
37	757	2	all	35
83	757	2	all	81
59	757	2	all	58
16	757	2	all	13
52	757	2	all	53
3	757	2	all	3
11	757	2	all	8
85	757	1	all	48
77	757	2	all	73
55	757	2	all	54
76	757	2	all	72
56	757	2	all	55
82	757	2	all	75
13	757	2	all	10
43	757	0	all	72
2	757	2	all	2
71	757	2	all	67
10	757	2	all	7
15	757	2	all	12
86	757	2	all	84
50	757	1	all	57
60	757	1	all	49
41	757	2	all	39
67	757	2	all	63
19	757	2	all	17
63	757	1	all	54
32	757	2	all	34
14	757	2	all	11
81	757	2	all	78
66	755	2	all	63
6	755	2	all	6
4	755	0	all	92
2	755	0	all	88
5	755	2	all	5
60	755	2	all	58
80	755	2	all	78
41	755	2	all	41
76	755	2	all	72
90	755	2	all	89
65	755	2	all	62
9	755	2	all	8
26	755	2	all	23
13	755	2	all	12
17	755	2	all	16
63	755	1	all	60
83	755	2	all	82
28	755	2	all	28
82	755	2	all	77
42	755	2	all	44
55	755	2	all	53
8	755	2	all	7
20	755	2	all	20
32	755	2	all	32
84	755	2	all	83
43	755	0	all	77
88	755	2	all	87
22	755	2	all	22
73	755	2	all	69
67	755	2	all	64
50	755	2	all	50
57	755	2	all	54
48	755	2	all	46
77	755	2	all	73
24	755	2	all	25
58	755	2	all	55
10	755	2	all	9
49	755	2	all	47
14	755	2	all	13
38	755	2	all	37
15	755	2	all	14
93	755	2	all	92
0	755	2	all	0
37	755	2	all	36
86	755	2	all	85
3	755	2	all	3
11	755	2	all	10
35	755	2	all	34
19	755	2	all	19
25	755	2	all	24
58	756	2	all	54
57	756	2	all	53
5	756	2	all	5
67	756	2	all	61
73	756	2	all	67
32	756	2	all	30
85	756	2	all	78
81	756	2	all	75
7	756	2	all	7
77	756	2	all	70
6	756	0	all	64
41	756	2	all	38
60	756	1	all	50
13	756	2	all	11
66	756	2	all	60
42	756	2	all	39
82	756	2	all	72
10	756	2	all	8
37	756	2	all	35
50	756	2	all	48
26	756	2	all	20
24	756	2	all	21
84	756	2	all	77
14	756	2	all	12
83	756	2	all	80
72	756	2	all	66
90	756	2	all	83
25	756	2	all	25
61	756	2	all	57
28	756	1	all	49
43	756	0	all	76
0	756	2	all	0
11	756	2	all	9
76	756	2	all	62
93	756	2	all	86
19	756	2	all	17
31	756	2	all	29
15	756	2	all	13
55	756	2	all	51
46	756	2	all	42
66	754	2	all	62
67	754	2	all	63
46	754	2	all	43
41	754	2	all	40
25	754	2	all	24
12	754	1	all	48
9	754	2	all	8
19	754	2	all	18
40	754	2	all	35
48	754	2	all	45
58	754	2	all	50
55	754	2	all	54
27	754	0	all	52
49	754	2	all	46
1	754	2	all	1
86	754	2	all	81
26	754	2	all	25
59	754	0	all	61
63	754	2	all	59
38	754	2	all	36
52	754	2	all	48
85	754	1	all	51
6	754	0	all	58
10	754	2	all	9
2	754	2	all	2
57	754	2	all	56
17	754	2	all	16
21	754	2	all	23
18	754	2	all	17
72	754	2	all	67
39	754	2	all	37
83	754	2	all	83
80	754	2	all	77
5	754	2	all	5
90	754	2	all	86
84	754	2	all	79
61	754	2	all	58
43	754	0	all	70
73	754	2	all	68
11	754	2	all	10
50	754	2	all	49
70	754	2	all	65
88	754	2	all	84
20	754	2	all	19
76	754	2	all	70
81	754	2	all	78
32	754	2	all	32
14	754	2	all	13
15	754	2	all	14
23	754	2	all	20
93	754	2	all	89
29	754	2	all	28
28	754	1	all	56
16	754	2	all	15
3	754	2	all	3
42	754	2	all	41
65	754	2	all	61
0	754	2	all	0
31	754	2	all	31
82	754	2	all	76
8	754	2	all	7
24	754	2	all	22
71	754	2	all	66
66	758	2	all	66
93	758	2	all	93
61	758	1	all	52
55	758	2	all	53
43	758	0	all	75
73	758	2	all	65
58	758	2	all	56
82	758	2	all	79
4	758	2	all	5
85	758	2	all	84
3	758	2	all	3
41	758	2	all	38
46	758	1	all	25
83	758	2	all	87
56	758	1	all	45
20	758	2	all	20
22	758	2	all	22
5	758	2	all	6
63	758	1	all	56
84	758	2	all	83
2	758	2	all	4
27	758	0	all	57
50	758	1	all	55
81	758	2	all	81
71	758	2	all	70
42	758	2	all	40
57	758	2	all	55
87	758	2	all	86
76	758	2	all	75
49	758	2	all	48
0	758	2	all	0
13	758	2	all	14
72	758	2	all	71
86	758	2	all	85
15	758	2	all	15
48	758	2	all	47
19	758	2	all	19
26	758	2	all	24
1	758	2	all	1
6	758	2	all	7
45	758	2	all	44
11	758	2	all	10
39	758	2	all	36
20	749	2	all	14
76	749	0	all	5
57	749	2	all	55
39	749	2	all	38
16	749	2	all	10
67	749	2	all	63
93	749	2	all	92
70	749	2	all	68
80	749	2	all	80
83	749	2	all	82
84	749	2	all	83
22	749	2	all	18
90	749	2	all	89
49	749	2	all	45
73	749	2	all	69
31	749	1	all	88
85	749	2	all	84
32	749	2	all	31
46	749	2	all	43
19	749	2	all	17
27	749	0	all	54
54	749	2	all	52
4	749	2	all	4
10	749	2	all	8
28	749	2	all	26
35	749	2	all	32
88	749	2	all	87
56	749	2	all	54
34	749	2	all	33
52	749	1	all	2
43	749	0	all	75
61	749	2	all	59
71	749	2	all	64
60	749	1	all	49
86	749	2	all	85
13	749	2	all	12
82	749	2	all	79
65	749	2	all	62
14	749	2	all	13
45	749	2	all	46
55	749	2	all	53
26	749	2	all	23
66	749	2	all	66
11	749	2	all	9
41	749	2	all	40
