id	x	y	z
0	485.81231689453125	1348.121826171875	36.3337516784668
1	308.6389465332031	1396.1522216796875	43.31574630737305
2	464.09368896484375	1173.5101318359375	43.62403106689453
3	711.517578125	1075.8828125	44.84764862060547
4	340.2267761230469	1320.5770263671875	44.62981033325195
5	386.16351318359375	1418.6239013671875	46.69519805908203
6	667.2385864257812	1289.587890625	47.72886657714844
7	614.5443725585938	1112.1162109375	56.18391418457031
8	462.9908447265625	1270.1290283203125	58.401161193847656
