id	x	y	z
0	153.97073364257812	1435.1986083984375	13.94447135925293
1	726.1878662109375	1878.5618896484375	22.371124267578125
2	654.7548828125	1670.272216796875	25.59394645690918
3	771.98681640625	1682.1455078125	30.754793167114258
4	806.1942138671875	1873.9747314453125	31.740840911865234
5	362.8160095214844	897.720703125	32.508094787597656
6	381.9566955566406	1320.5067138671875	32.77107238769531
7	348.9452209472656	1365.434326171875	32.841285705566406
8	447.8037414550781	1275.5491943359375	33.7604866027832
9	448.9788818359375	1334.0072021484375	33.93012237548828
10	410.4988098144531	1377.60205078125	34.18730926513672
11	358.1217346191406	1392.6729736328125	33.94580841064453
12	484.93450927734375	1747.406982421875	34.257896423339844
13	531.2412109375	1220.8197021484375	35.230751037597656
14	321.7729797363281	1307.6373291015625	34.916202545166016
15	489.3018493652344	1322.781005859375	35.305904388427734
16	426.69903564453125	1379.42138671875	35.01477813720703
17	473.9830017089844	1195.08056640625	36.29438400268555
18	444.5159606933594	1220.280517578125	35.7014274597168
19	493.8202819824219	1238.34912109375	35.828006744384766
20	302.35162353515625	1264.810546875	36.0516471862793
21	337.2129821777344	1268.202392578125	36.030757904052734
22	532.4094848632812	1314.7928466796875	36.01093673706055
23	280.2835998535156	1333.0679931640625	36.006465911865234
24	602.3668823242188	1155.3089599609375	36.973785400390625
25	589.718505859375	1210.8563232421875	36.71398162841797
26	386.07037353515625	1258.5955810546875	36.91094970703125
27	566.1968994140625	1279.5543212890625	37.16709518432617
28	300.3833312988281	1383.6270751953125	36.50660705566406
29	581.2388916015625	1137.4952392578125	37.76478576660156
30	535.3252563476562	1150.2320556640625	38.04631805419922
31	633.9017333984375	1143.4498291015625	38.24473571777344
32	546.0739135742188	1151.891357421875	38.18804168701172
33	374.5785827636719	1194.074462890625	37.631324768066406
34	381.7235412597656	1322.657470703125	37.630836486816406
35	387.8418273925781	1437.938232421875	38.15103530883789
36	466.46197509765625	1130.401123046875	39.22969436645508
37	491.7379455566406	1379.1282958984375	38.52798080444336
38	446.18109130859375	1415.305419921875	38.74310302734375
39	441.519287109375	1184.7969970703125	39.97311019897461
40	425.57818603515625	1218.0250244140625	40.03327560424805
41	540.903564453125	1254.255126953125	40.068275451660156
42	451.1140441894531	1260.8975830078125	39.868446350097656
43	444.37127685546875	1305.7381591796875	40.08988571166992
44	273.7347717285156	1379.960693359375	39.81072235107422
45	521.412841796875	1067.9378662109375	40.82768249511719
46	556.4052734375	1091.104248046875	41.156497955322266
47	518.2830200195312	1115.3250732421875	41.04104232788086
48	372.23907470703125	1148.541748046875	41.1354866027832
49	507.4489440917969	1183.48876953125	40.81802749633789
50	340.4810791015625	1327.754638671875	40.51051712036133
51	551.3275756835938	1340.5428466796875	40.71259307861328
52	324.4920959472656	1416.714111328125	41.308353424072266
53	594.0816650390625	1096.2054443359375	41.82729721069336
54	658.6051025390625	1106.2210693359375	42.206390380859375
55	416.3608703613281	1131.4832763671875	42.15479278564453
56	682.5314331054688	1165.4697265625	41.76691436767578
57	310.303466796875	1195.3148193359375	41.94355392456055
58	254.70655822753906	1279.95068359375	42.3301887512207
59	437.69842529296875	1366.642822265625	42.11759948730469
60	469.7071533203125	1413.01318359375	42.06242370605469
61	373.7006530761719	1435.61376953125	41.636234283447266
62	430.0486145019531	1436.206298828125	42.258548736572266
63	553.31982421875	1030.9576416015625	43.379425048828125
64	584.660888671875	1049.8248291015625	42.98309326171875
65	489.4739990234375	1073.1044921875	43.0059814453125
66	335.9700012207031	1168.58642578125	43.03199768066406
67	390.51849365234375	1184.0499267578125	42.880157470703125
68	604.1668701171875	1286.5150146484375	42.81667709350586
69	307.9545593261719	1298.8916015625	43.13374328613281
70	373.14581298828125	1360.8265380859375	43.48106002807617
71	695.1323852539062	1012.8677978515625	44.49443054199219
72	426.383544921875	1226.364501953125	43.8353271484375
73	552.4228515625	1228.5882568359375	44.264312744140625
74	404.70648193359375	1284.0205078125	43.95306396484375
75	279.9747619628906	1369.6558837890625	43.67066192626953
76	326.9132080078125	1418.8741455078125	43.616432189941406
77	499.1685791015625	1038.5635986328125	44.91958236694336
78	540.2359008789062	1105.837158203125	44.613399505615234
79	268.1673889160156	1331.762939453125	45.30298614501953
80	582.0665893554688	1334.71142578125	45.30806350708008
81	557.9669799804688	1061.7742919921875	45.91941452026367
82	451.5829162597656	1068.6357421875	45.659812927246094
83	640.92578125	1084.744140625	45.98426055908203
84	357.8132629394531	1142.880859375	45.92909622192383
85	547.151123046875	1162.1109619140625	45.46894454956055
86	367.64007568359375	1225.6680908203125	45.861473083496094
87	429.1017150878906	1426.7125244140625	45.740543365478516
88	390.31591796875	1121.1763916015625	47.115882873535156
89	700.4644775390625	1134.3243408203125	47.327056884765625
90	437.03448486328125	1141.064697265625	47.36667251586914
91	306.3861389160156	1214.6090087890625	47.042457580566406
92	512.6155395507812	1219.175048828125	46.635154724121094
93	279.2063293457031	1250.1737060546875	47.08907699584961
94	498.6765441894531	1262.365478515625	47.2948112487793
95	337.58258056640625	1273.997802734375	46.758148193359375
96	556.239990234375	1285.4307861328125	46.974605560302734
97	442.6310119628906	1291.5755615234375	47.046016693115234
98	646.9132690429688	1293.864990234375	46.68227767944336
99	477.3177490234375	1411.0667724609375	46.66749954223633
100	492.59259033203125	1055.83837890625	47.67174530029297
101	692.3110961914062	1211.2720947265625	47.84275817871094
102	644.6394653320312	1216.7208251953125	48.130218505859375
103	603.8799438476562	1314.03369140625	48.352516174316406
104	361.2911682128906	1335.4814453125	47.51948547363281
105	407.7506408691406	1362.896728515625	47.512908935546875
106	502.0580749511719	1098.4791259765625	49.47032928466797
107	558.7565307617188	1110.5531005859375	49.58942413330078
108	597.20703125	1144.2421875	48.75904846191406
109	538.6982421875	1300.379150390625	49.12773895263672
110	370.5255126953125	1313.583251953125	49.06272506713867
111	435.6420593261719	1331.08349609375	48.90641784667969
112	300.46502685546875	1379.2445068359375	49.205055236816406
113	518.876953125	1379.6058349609375	49.091251373291016
114	369.88232421875	1421.3857421875	48.59510040283203
115	443.6223449707031	1061.53662109375	49.48796081542969
116	628.79296875	1059.2733154296875	49.887847900390625
117	635.6749877929688	1139.82177734375	49.73213577270508
118	464.89874267578125	1155.0947265625	49.77463150024414
119	322.7260437011719	1193.1427001953125	49.52863311767578
120	375.8680419921875	1250.1170654296875	49.9019889831543
121	575.64404296875	1253.9425048828125	49.64664077758789
122	433.59234619140625	1257.1566162109375	50.001304626464844
123	528.8718872070312	1001.7891845703125	50.58073425292969
124	663.4794921875	1028.9210205078125	51.493045806884766
125	414.6078796386719	1095.2059326171875	51.491397857666016
126	599.1033325195312	1107.8751220703125	50.69450378417969
127	698.7034301757812	1180.2445068359375	50.75381851196289
128	388.4851989746094	1198.31103515625	50.66816711425781
129	470.02069091796875	1207.7652587890625	51.41067886352539
130	659.7816162109375	1226.67333984375	51.006141662597656
131	309.50567626953125	1250.5096435546875	51.489139556884766
132	472.9425354003906	1311.4921875	51.055137634277344
133	316.4795227050781	1320.9388427734375	51.0636100769043
134	466.0005187988281	1396.1563720703125	50.691078186035156
135	410.61077880859375	1409.590576171875	51.45956039428711
136	607.5888671875	1014.99169921875	52.15622329711914
137	523.3587646484375	1140.973388671875	51.57344436645508
138	359.4640197753906	1159.208984375	52.13551712036133
139	529.3490600585938	1198.4326171875	52.44889831542969
140	506.8172607421875	1276.19775390625	51.85039138793945
141	427.5919189453125	1291.295166015625	51.768856048583984
142	555.114990234375	1340.30126953125	52.42091369628906
143	338.9523620605469	1386.3511962890625	51.7747802734375
144	684.5923461914062	1069.6602783203125	53.222801208496094
145	691.7656860351562	1128.80224609375	52.58753204345703
146	339.4121398925781	1202.900634765625	53.188655853271484
147	571.6723022460938	1206.8233642578125	53.02944564819336
148	474.6739807128906	1278.5487060546875	53.14777755737305
149	327.5566711425781	1725.4964599609375	52.83716583251953
150	453.1525573730469	1065.91748046875	53.540523529052734
151	432.8197021484375	1210.3065185546875	53.79821014404297
152	548.2872314453125	1241.2518310546875	54.122371673583984
153	346.275634765625	1261.5535888671875	54.34909439086914
154	663.8910522460938	1031.88818359375	53.42939758300781
155	396.0063171386719	1139.4334716796875	54.61737060546875
156	588.2261352539062	1168.125732421875	55.215213775634766
157	511.4283447265625	1214.2249755859375	55.52265548706055
158	356.2674255371094	1296.6998291015625	55.13584518432617
159	370.76605224609375	1343.8731689453125	55.39783477783203
160	503.4414367675781	1168.526123046875	56.099998474121094
161	535.1327514648438	1327.468017578125	56.54256057739258
162	432.4369812011719	1363.280517578125	55.95533752441406
163	518.402099609375	1026.050537109375	56.86341857910156
164	576.7259521484375	1041.2919921875	56.49692153930664
165	449.00396728515625	1092.785400390625	57.05366516113281
166	418.3792419433594	1125.4927978515625	57.25932693481445
167	376.45440673828125	1197.26904296875	56.419898986816406
168	380.5897521972656	1232.290771484375	57.1859130859375
169	619.4798583984375	1252.5621337890625	56.73319625854492
170	480.64312744140625	1336.253662109375	56.603057861328125
171	483.7584533691406	1057.393310546875	58.08921432495117
172	499.74859619140625	1095.480224609375	58.21011734008789
173	449.57562255859375	1153.2640380859375	58.31790542602539
174	430.6456298828125	1191.072265625	57.591400146484375
175	407.2960510253906	1293.0498046875	57.52242660522461
176	577.2940063476562	1077.3583984375	59.57910919189453
177	631.6846313476562	1107.8070068359375	58.92333221435547
178	640.6436767578125	1193.186767578125	59.17782974243164
179	555.35107421875	1202.72607421875	59.38446044921875
180	415.2175598144531	1239.8804931640625	58.49244689941406
181	506.299072265625	1285.722900390625	59.286842346191406
182	448.28924560546875	1295.595947265625	58.74810028076172
183	522.444580078125	1081.293212890625	59.52652359008789
184	492.5404357910156	1123.8375244140625	60.215721130371094
185	461.6943664550781	1255.93212890625	60.02944564819336
186	562.9778442382812	1113.9271240234375	61.460514068603516
187	473.43450927734375	1186.89892578125	61.0683479309082
188	572.947021484375	1230.828369140625	60.57389831542969
189	527.182373046875	1245.2899169921875	60.525917053222656
190	611.7841796875	1165.080078125	61.81401062011719
191	530.4635620117188	1154.2275390625	62.549072265625
