id	x	y	z
0	381.8788757324219	1272.928466796875	17.9492130279541
1	387.57843017578125	1372.706298828125	22.475217819213867
2	537.7584228515625	1309.3868408203125	25.850276947021484
3	459.5286865234375	1127.245361328125	26.991174697875977
4	315.55596923828125	1225.8331298828125	34.21176528930664
5	564.764892578125	1285.186767578125	34.23573684692383
6	409.7242736816406	1067.06787109375	45.425193786621094
7	528.913330078125	1237.246826171875	45.53799057006836
8	564.4368286132812	1031.49169921875	48.03135299682617
