id	x	y	z
0	414.70111083984375	1691.4691162109375	14.564240455627441
1	614.5457153320312	1027.2569580078125	21.462928771972656
2	628.0304565429688	1075.7198486328125	21.145418167114258
3	649.2506103515625	1072.4639892578125	21.248336791992188
4	561.7772827148438	1102.907958984375	22.849578857421875
5	632.1013793945312	1117.2747802734375	23.49430274963379
6	644.6443481445312	1160.509521484375	23.355846405029297
7	577.0198974609375	1213.471435546875	23.394908905029297
8	629.455810546875	1237.418212890625	23.022411346435547
9	693.3472900390625	1061.4564208984375	24.995403289794922
10	535.4111938476562	1100.194580078125	25.00818634033203
11	534.7056884765625	1147.385498046875	24.602556228637695
12	529.5325927734375	1224.493896484375	24.77581214904785
13	559.7040405273438	1047.5982666015625	26.553878784179688
14	581.8710327148438	1166.912841796875	25.553319931030273
15	505.4778137207031	1197.3140869140625	25.669755935668945
16	686.643310546875	1230.0760498046875	25.539289474487305
17	727.841064453125	1126.6474609375	27.36878776550293
18	635.6465454101562	1196.0494384765625	27.049785614013672
19	636.6847534179688	1290.849365234375	27.108278274536133
20	668.8639526367188	1128.09423828125	28.086862564086914
21	601.8214111328125	1258.7728271484375	27.845285415649414
22	651.272216796875	1048.020263671875	29.24018096923828
23	639.3032836914062	1134.9830322265625	29.502912521362305
24	741.3575439453125	1156.317626953125	29.083988189697266
25	478.0635681152344	1162.100341796875	28.70551872253418
26	688.539306640625	1170.14501953125	28.818361282348633
27	660.8567504882812	1202.5863037109375	29.319669723510742
28	480.0730285644531	1251.4803466796875	29.314376831054688
29	438.34710693359375	1211.1400146484375	30.30888557434082
30	555.2427368164062	1246.60107421875	30.477188110351562
31	472.485595703125	1300.7431640625	30.190624237060547
32	596.9450073242188	1008.5353393554688	30.631925582885742
33	532.7626342773438	1086.19921875	30.670719146728516
34	602.4849853515625	1345.2672119140625	30.620332717895508
35	510.7740173339844	1367.563720703125	31.48438835144043
36	722.1625366210938	1078.3563232421875	32.41147232055664
37	670.4415893554688	1087.1463623046875	32.4710578918457
38	503.0806579589844	1121.421875	31.573772430419922
39	643.7581176757812	1249.6475830078125	32.47568893432617
40	433.3585510253906	1292.1612548828125	31.74003791809082
41	643.683837890625	1297.2359619140625	31.674755096435547
42	570.2515258789062	1351.5386962890625	32.32182693481445
43	607.8665771484375	1080.9295654296875	33.012062072753906
44	734.6622924804688	1119.943115234375	32.79078674316406
45	552.1544799804688	1043.5552978515625	33.5568733215332
46	515.93408203125	1069.5386962890625	34.06681442260742
47	483.049072265625	1116.6761474609375	34.42790985107422
48	464.4550476074219	1157.427734375	33.88544464111328
49	590.328125	1250.92236328125	34.30083465576172
50	522.0341186523438	1284.516357421875	33.771793365478516
51	415.46527099609375	1323.519775390625	33.675331115722656
52	644.1058959960938	1126.8472900390625	34.71633529663086
53	705.1294555664062	1207.6519775390625	35.44524383544922
54	654.605224609375	1037.1644287109375	35.51976776123047
55	711.4218139648438	1078.849853515625	36.1618537902832
56	708.162109375	1161.8184814453125	35.87931823730469
57	525.6273803710938	1217.1376953125	35.69621276855469
58	484.7840881347656	1310.8978271484375	35.971351623535156
59	600.703369140625	1372.7486572265625	35.883548736572266
60	483.41571044921875	1415.723388671875	36.28759002685547
61	614.3311157226562	1019.8463134765625	36.887454986572266
62	580.0678100585938	1034.3477783203125	37.460453033447266
63	660.287353515625	1090.7056884765625	37.3224983215332
64	615.6807861328125	1202.150390625	37.17797088623047
65	404.96234130859375	1273.22314453125	37.17959213256836
66	623.6515502929688	1333.7994384765625	37.408016204833984
67	532.0459594726562	1381.1793212890625	36.822696685791016
68	434.26824951171875	1394.89697265625	36.57151412963867
69	587.3927612304688	1119.8416748046875	38.2236442565918
70	674.6895751953125	1256.1749267578125	37.72337341308594
71	468.16864013671875	1331.4613037109375	37.90940475463867
72	385.236083984375	1410.5689697265625	38.42209243774414
73	548.2742919921875	1297.6827392578125	38.791786193847656
74	406.6145935058594	1345.20361328125	38.800235748291016
75	575.2002563476562	1412.348876953125	39.42043685913086
76	621.6566162109375	1057.9822998046875	40.04161071777344
77	541.3018188476562	1079.1348876953125	39.82950210571289
78	336.032470703125	1380.4088134765625	40.078643798828125
79	532.6715087890625	1438.398681640625	39.51217269897461
80	619.4302978515625	1169.2666015625	41.09764099121094
81	674.5509033203125	1225.48974609375	41.137760162353516
82	552.0225219726562	1232.648681640625	41.32954788208008
83	504.1902160644531	1349.89453125	41.16160202026367
84	459.0393371582031	1454.8411865234375	41.34025955200195
85	581.1348876953125	1049.4906005859375	41.635498046875
86	623.2764282226562	1109.889892578125	42.11357879638672
87	564.412841796875	1159.542724609375	41.754615783691406
88	675.10498046875	1160.926513671875	42.388912200927734
89	432.5545959472656	1196.4144287109375	42.204158782958984
90	461.150634765625	1245.1964111328125	42.038394927978516
91	403.206787109375	1292.8431396484375	41.837791442871094
92	416.845703125	1430.1690673828125	42.105220794677734
93	493.7297058105469	1119.0638427734375	42.83442687988281
94	509.06951904296875	1186.1678466796875	43.24604415893555
95	632.4456787109375	1297.8680419921875	42.585914611816406
96	405.9029846191406	1465.669677734375	43.316200256347656
97	616.6431274414062	1074.6895751953125	43.77974319458008
98	543.4412841796875	1087.7542724609375	43.631778717041016
99	595.2510375976562	1276.1982421875	44.21722412109375
100	360.21905517578125	1327.387451171875	43.58547592163086
101	584.9185180664062	1347.3912353515625	43.50796890258789
102	544.3408813476562	1383.3992919921875	43.882774353027344
103	357.8907775878906	1439.9395751953125	44.78461837768555
104	647.0986938476562	1143.3935546875	45.088253021240234
105	456.6253356933594	1156.3123779296875	44.87816619873047
106	522.6431884765625	1291.840576171875	45.073974609375
107	317.5123291015625	1376.9130859375	45.37228775024414
108	515.5455322265625	1229.2652587890625	45.592254638671875
109	437.0577087402344	1255.3153076171875	46.17171859741211
110	365.4071350097656	1434.794677734375	46.38585662841797
111	428.7806396484375	1464.648193359375	46.49809265136719
112	589.0204467773438	1130.5289306640625	47.0788459777832
113	368.03564453125	1285.7803955078125	47.336246490478516
114	450.4603576660156	1318.606689453125	47.09001922607422
115	556.9943237304688	1410.1490478515625	47.356834411621094
116	549.1737670898438	1124.933349609375	47.59834671020508
117	510.48974609375	1145.212890625	48.32426834106445
118	513.1713256835938	1178.587890625	48.320556640625
119	377.0098571777344	1221.652587890625	48.345096588134766
120	369.50994873046875	1375.4080810546875	48.47062683105469
121	423.589111328125	1371.09765625	47.61855697631836
122	479.5262145996094	1382.777099609375	48.08723831176758
123	461.9370422363281	1181.2855224609375	48.96718978881836
124	599.2607421875	1189.90478515625	48.81182098388672
125	417.86700439453125	1198.9334716796875	49.27946853637695
126	603.5934448242188	1245.6121826171875	49.4541015625
127	57.94269943237305	1453.2728271484375	48.68727493286133
128	466.9076843261719	1232.18994140625	50.426292419433594
129	566.7938842773438	1319.3380126953125	49.50149917602539
130	556.0438842773438	1204.748779296875	50.852783203125
131	391.626953125	1261.4482421875	52.48176956176758
132	533.0759887695312	1330.43505859375	52.160152435302734
133	330.3092041015625	1362.9598388671875	51.79874038696289
134	462.8846435546875	1430.57275390625	51.456398010253906
135	407.6263732910156	1431.4505615234375	52.18904495239258
136	513.3273010253906	1238.0091552734375	53.285770416259766
137	543.7557373046875	1276.061279296875	53.01679611206055
138	395.87274169921875	1327.36865234375	52.883453369140625
139	484.5177917480469	1263.0494384765625	54.41127395629883
140	454.73919677734375	1348.3856201171875	55.494224548339844
141	441.37335205078125	1269.208740234375	55.75039291381836
142	348.42327880859375	1359.0548095703125	55.84059143066406
143	447.3710632324219	1407.8624267578125	56.25883483886719
144	400.8753967285156	1365.42431640625	56.74140548706055
