id	corresponding_timepoint_id	corresponding_viewsetup_id	corresponding_label	corresponding_id
66	962	0	all	75
62	962	0	all	71
1	962	0	all	1
64	962	1	all	63
70	962	0	all	79
71	962	0	all	80
31	962	1	all	70
43	962	0	all	51
14	962	0	all	13
42	962	2	all	46
7	962	0	all	8
44	962	0	all	52
38	962	0	all	43
74	962	0	all	83
34	962	1	all	59
60	962	0	all	69
36	962	0	all	41
57	962	0	all	65
53	962	0	all	60
33	962	0	all	37
15	962	0	all	17
73	962	0	all	82
75	962	0	all	84
32	962	0	all	32
17	962	2	all	51
26	962	0	all	24
61	962	0	all	70
5	962	0	all	5
48	962	0	all	56
72	962	0	all	81
20	962	0	all	22
27	962	0	all	29
41	962	0	all	47
23	962	0	all	26
47	962	0	all	55
2	962	0	all	3
22	962	2	all	61
69	962	0	all	78
58	962	0	all	66
35	962	0	all	39
0	962	0	all	0
8	962	0	all	7
3	962	0	all	4
46	962	0	all	54
68	962	0	all	77
6	962	0	all	6
67	962	0	all	76
39	962	0	all	44
10	962	0	all	12
66	961	0	all	71
1	961	0	all	1
64	961	1	all	60
71	961	0	all	75
31	961	0	all	34
43	961	1	all	37
14	961	0	all	13
42	961	0	all	47
44	961	0	all	49
38	961	0	all	40
74	961	0	all	78
34	961	2	all	51
60	961	0	all	65
57	961	0	all	63
53	961	0	all	59
15	961	0	all	16
73	961	0	all	77
75	961	0	all	79
32	961	2	all	61
17	961	0	all	17
26	961	0	all	27
16	961	0	all	15
5	961	0	all	5
48	961	0	all	54
72	961	0	all	76
20	961	0	all	22
27	961	0	all	28
41	961	0	all	45
23	961	0	all	29
2	961	0	all	3
22	961	1	all	62
69	961	0	all	73
58	961	0	all	64
35	961	0	all	36
0	961	0	all	0
3	961	0	all	4
55	961	0	all	58
46	961	0	all	51
68	961	0	all	72
6	961	0	all	6
39	961	0	all	41
10	961	0	all	11
62	959	0	all	65
1	959	0	all	1
64	959	1	all	63
70	959	2	all	12
71	959	0	all	71
31	959	0	all	31
43	959	1	all	44
14	959	0	all	13
42	959	0	all	45
44	959	1	all	77
38	959	0	all	38
34	959	0	all	30
53	959	0	all	56
33	959	0	all	32
15	959	0	all	15
73	959	0	all	73
75	959	0	all	74
32	959	0	all	28
17	959	0	all	16
26	959	0	all	26
5	959	0	all	4
48	959	0	all	52
72	959	0	all	72
20	959	1	all	61
27	959	0	all	27
41	959	0	all	42
23	959	0	all	22
47	959	2	all	42
2	959	0	all	3
22	959	1	all	64
69	959	0	all	68
58	959	0	all	62
35	959	0	all	34
0	959	0	all	0
8	959	1	all	8
46	959	0	all	50
68	959	0	all	70
6	959	0	all	6
39	959	0	all	39
10	959	0	all	11
66	963	0	all	71
62	963	0	all	67
1	963	0	all	3
64	963	0	all	69
70	963	1	all	73
71	963	0	all	75
31	963	1	all	68
43	963	0	all	49
14	963	0	all	12
42	963	0	all	47
7	963	0	all	7
44	963	1	all	75
38	963	0	all	43
74	963	0	all	78
34	963	2	all	48
4	963	0	all	1
36	963	0	all	40
57	963	0	all	63
53	963	0	all	58
33	963	0	all	35
15	963	0	all	17
63	963	0	all	68
73	963	0	all	77
75	963	0	all	79
32	963	0	all	34
17	963	0	all	18
26	963	0	all	27
61	963	0	all	66
5	963	0	all	5
48	963	0	all	54
72	963	0	all	76
20	963	1	all	59
27	963	0	all	28
41	963	0	all	46
23	963	0	all	24
2	963	0	all	4
22	963	0	all	23
69	963	0	all	73
58	963	0	all	64
35	963	0	all	39
0	963	0	all	0
12	963	0	all	13
3	963	0	all	2
55	963	0	all	60
46	963	0	all	52
68	963	0	all	72
6	963	0	all	8
39	963	0	all	44
10	963	0	all	10
66	960	0	all	69
62	960	0	all	65
1	960	0	all	4
64	960	0	all	67
70	960	0	all	72
71	960	0	all	74
31	960	1	all	68
43	960	0	all	47
14	960	0	all	14
42	960	0	all	46
65	960	0	all	68
44	960	0	all	48
38	960	1	all	56
53	960	0	all	56
33	960	0	all	32
15	960	0	all	16
73	960	0	all	76
32	960	0	all	28
17	960	0	all	17
26	960	0	all	26
5	960	0	all	5
48	960	0	all	52
72	960	0	all	75
20	960	0	all	21
27	960	0	all	27
41	960	0	all	43
23	960	0	all	23
2	960	0	all	2
22	960	0	all	22
69	960	0	all	71
58	960	0	all	62
35	960	0	all	35
0	960	0	all	0
3	960	0	all	3
46	960	0	all	50
68	960	0	all	73
6	960	0	all	7
39	960	0	all	40
10	960	0	all	12
28	967	0	all	30
75	967	0	all	78
33	967	0	all	36
6	967	0	all	8
57	967	0	all	63
20	967	1	all	58
3	967	0	all	5
53	967	0	all	59
31	967	0	all	35
61	967	0	all	66
34	967	1	all	53
10	967	0	all	11
27	967	0	all	28
74	967	0	all	77
1	967	0	all	1
62	967	0	all	68
42	967	1	all	76
49	967	0	all	49
12	967	0	all	14
48	967	0	all	55
65	967	0	all	67
43	967	0	all	50
69	967	0	all	73
35	967	0	all	40
68	967	0	all	72
64	967	0	all	70
46	967	0	all	52
38	967	0	all	43
8	967	1	all	11
26	967	0	all	27
15	967	0	all	16
73	967	0	all	76
39	967	0	all	44
22	967	1	all	61
0	967	0	all	0
32	967	0	all	32
72	967	0	all	75
41	967	0	all	46
16	967	0	all	17
4	967	0	all	2
46	969	0	all	51
66	969	0	all	72
75	969	0	all	80
61	969	0	all	67
74	969	0	all	79
4	969	0	all	2
72	969	0	all	77
31	969	0	all	34
64	969	0	all	71
27	969	0	all	27
55	969	2	all	6
12	969	0	all	12
20	969	1	all	59
32	969	0	all	31
35	969	0	all	39
22	969	1	all	62
62	969	0	all	69
73	969	0	all	78
60	969	0	all	65
48	969	0	all	54
71	969	0	all	76
16	969	0	all	16
15	969	0	all	18
34	969	2	all	47
25	969	0	all	25
10	969	0	all	13
42	969	2	all	49
6	969	0	all	8
23	969	0	all	23
2	969	0	all	4
53	969	0	all	59
39	969	0	all	44
1	969	0	all	1
38	969	0	all	42
68	969	0	all	73
69	969	0	all	74
49	969	0	all	48
28	969	0	all	30
26	969	0	all	26
36	965	0	all	38
65	965	0	all	66
26	965	0	all	27
33	965	0	all	36
13	965	1	all	31
70	965	2	all	13
8	965	1	all	12
32	965	2	all	57
54	965	2	all	2
64	965	0	all	69
34	965	0	all	33
25	965	0	all	26
55	965	0	all	59
4	965	0	all	2
69	965	0	all	72
72	965	0	all	75
73	965	0	all	76
3	965	0	all	4
62	965	0	all	67
48	965	0	all	53
20	965	0	all	22
17	965	0	all	18
1	965	0	all	1
12	965	0	all	14
2	965	0	all	3
38	965	0	all	41
41	965	0	all	44
22	965	0	all	23
42	965	1	all	80
75	965	0	all	78
15	965	0	all	16
53	965	0	all	58
35	965	0	all	37
46	965	0	all	51
0	965	0	all	0
10	965	0	all	11
23	965	0	all	24
74	965	0	all	77
63	965	0	all	68
68	965	0	all	71
6	965	0	all	6
51	965	0	all	55
27	965	0	all	28
57	965	0	all	61
16	965	0	all	17
39	965	0	all	42
42	966	2	all	46
14	966	2	all	59
73	966	0	all	79
3	966	0	all	6
13	966	0	all	13
72	966	0	all	78
4	966	0	all	2
48	966	0	all	56
8	966	1	all	12
47	966	0	all	55
31	966	0	all	39
22	966	1	all	65
12	966	0	all	15
16	966	0	all	19
15	966	0	all	18
62	966	0	all	69
55	966	0	all	61
35	966	0	all	41
27	966	0	all	31
60	966	0	all	66
0	966	0	all	0
1	966	0	all	1
34	966	1	all	57
26	966	0	all	30
53	966	0	all	60
74	966	0	all	80
10	966	0	all	16
2	966	0	all	5
39	966	0	all	46
17	966	0	all	20
6	966	0	all	7
33	966	0	all	40
57	966	0	all	63
36	966	0	all	43
38	966	0	all	45
63	966	0	all	70
58	966	0	all	67
20	966	1	all	62
75	966	0	all	81
32	966	2	all	57
46	966	0	all	54
41	966	0	all	48
64	966	0	all	71
69	966	0	all	75
68	966	0	all	74
35	968	0	all	39
20	968	0	all	20
48	968	0	all	53
42	968	0	all	54
73	968	0	all	76
68	968	0	all	71
32	968	2	all	58
74	968	0	all	77
13	968	1	all	28
3	968	0	all	5
62	968	2	all	0
61	968	0	all	66
34	968	1	all	53
1	968	0	all	1
46	968	0	all	51
71	968	2	all	4
5	968	1	all	22
17	968	0	all	18
22	968	0	all	24
58	968	0	all	65
31	968	0	all	34
38	968	0	all	42
75	968	0	all	78
6	968	0	all	8
16	968	0	all	16
4	968	0	all	2
33	968	0	all	36
12	968	0	all	12
2	968	0	all	4
15	968	0	all	17
69	968	0	all	72
49	968	0	all	48
39	968	0	all	43
64	968	0	all	70
72	968	0	all	75
25	968	0	all	27
27	968	0	all	29
10	968	0	all	11
41	968	0	all	47
26	968	0	all	28
