id	x	y	z
0	299.6814880371094	1676.349609375	17.507335662841797
1	553.52978515625	1696.075439453125	20.94655990600586
2	720.0874633789062	1619.6856689453125	30.231454849243164
3	787.4288330078125	1825.8077392578125	34.097137451171875
4	734.2005615234375	1630.234130859375	42.32833480834961
5	741.2978515625	1821.9754638671875	45.28363800048828
6	536.6482543945312	1469.2401123046875	54.49813461303711
7	709.3715209960938	1010.940185546875	58.22993087768555
8	555.5581665039062	628.6002807617188	66.34764862060547
