id	x	y	z
0	447.63232421875	1292.751708984375	6.312704563140869
1	377.8074645996094	1338.7239990234375	6.23011589050293
2	403.9954528808594	1211.8414306640625	7.435614109039307
3	486.6621398925781	1275.5208740234375	6.979274272918701
4	327.14141845703125	1229.6453857421875	7.70619535446167
5	329.3360900878906	1285.9781494140625	8.311017990112305
6	435.3110656738281	1351.7391357421875	7.494335651397705
7	478.9696044921875	1235.3861083984375	8.642757415771484
8	503.715576171875	1319.9295654296875	8.598488807678223
9	341.0418701171875	1336.32470703125	9.17928409576416
10	448.6427307128906	1194.872802734375	10.113588333129883
11	435.5656433105469	1253.5247802734375	9.956292152404785
12	398.2253723144531	1152.0301513671875	11.32553482055664
13	322.1407775878906	1189.2548828125	11.338934898376465
14	525.668701171875	1261.9320068359375	11.123405456542969
15	460.1870422363281	1283.40869140625	12.263339042663574
16	428.82647705078125	1237.1917724609375	12.937783241271973
17	366.8774719238281	1384.2303466796875	13.448301315307617
18	369.55975341796875	1209.0419921875	14.43791389465332
19	486.654296875	1236.6856689453125	13.840424537658691
20	349.70355224609375	1239.978271484375	14.370125770568848
21	412.7894287109375	1300.31201171875	14.141712188720703
22	512.6838684082031	1325.450927734375	14.145490646362305
23	309.3289489746094	1330.492431640625	13.96501350402832
24	432.7969665527344	1389.112060546875	14.40375804901123
25	324.53216552734375	1157.2747802734375	14.652628898620605
26	409.3426513671875	1205.9864501953125	15.30879020690918
27	292.95599365234375	1268.079345703125	14.721877098083496
28	481.76080322265625	1380.38134765625	15.551897048950195
29	373.86102294921875	1117.3389892578125	15.88531494140625
30	450.1163635253906	1115.5118408203125	15.9320707321167
31	503.3656921386719	1164.1541748046875	15.6112060546875
32	405.76617431640625	1323.75244140625	16.555431365966797
33	300.4767761230469	1677.3193359375	17.352384567260742
34	370.28863525390625	1178.8876953125	17.580615997314453
35	372.1258544921875	1290.924072265625	17.721336364746094
36	536.6744995117188	1291.845458984375	17.994897842407227
37	506.78021240234375	1108.1693115234375	19.062255859375
38	487.4618225097656	1205.21337890625	19.11547088623047
39	278.6199645996094	1211.38037109375	19.241636276245117
40	448.312744140625	1254.56884765625	19.39450454711914
41	307.4822692871094	1335.364501953125	18.832048416137695
42	356.607666015625	1376.732666015625	18.73001480102539
43	354.1893615722656	1090.486328125	19.758747100830078
44	311.52789306640625	1111.7796630859375	20.081499099731445
45	543.4606323242188	1203.9718017578125	20.476465225219727
46	548.4715576171875	1224.5693359375	20.069778442382812
47	389.4461364746094	1305.7421875	20.389848709106445
48	468.5408020019531	1308.5999755859375	20.200223922729492
49	452.778564453125	1391.99462890625	19.57309913635254
50	469.1753234863281	1155.1905517578125	20.792827606201172
51	435.6300048828125	1191.584228515625	21.184206008911133
52	287.2394104003906	1247.488525390625	21.233043670654297
53	554.1784057617188	1697.7635498046875	20.758358001708984
54	440.40667724609375	1042.2109375	21.923709869384766
55	339.375244140625	1167.9951171875	21.862825393676758
56	413.1353454589844	1378.100341796875	21.85564613342285
57	383.0702209472656	1068.80224609375	22.710704803466797
58	467.2510681152344	1102.067626953125	22.949012756347656
59	497.8870849609375	1234.0296630859375	22.990888595581055
60	481.7252502441406	1283.3709716796875	22.545490264892578
61	295.8787841796875	1292.2796630859375	23.250791549682617
62	503.6825256347656	1347.7218017578125	23.28157615661621
63	495.2186279296875	1064.6328125	23.91313934326172
64	552.5444946289062	1124.8583984375	23.515966415405273
65	503.5044250488281	1138.7852783203125	23.811519622802734
66	385.1558532714844	1210.2613525390625	24.262861251831055
67	362.8376770019531	1243.5809326171875	24.13458824157715
68	417.6036682128906	1254.2718505859375	23.922595977783203
69	394.8498840332031	1284.1531982421875	23.596342086791992
70	354.26861572265625	1362.4638671875	23.6315975189209
71	443.1669006347656	1369.374267578125	24.54519271850586
72	311.4956970214844	1087.3878173828125	24.440078735351562
73	530.3452758789062	1094.7261962890625	25.412757873535156
74	444.6669616699219	1130.5020751953125	24.540618896484375
75	290.5032653808594	1136.9615478515625	25.152177810668945
76	545.3394165039062	1283.979736328125	25.115192413330078
77	307.8770751953125	1066.03125	26.278242111206055
78	489.90240478515625	1176.385986328125	25.686344146728516
79	276.6660461425781	1186.12646484375	25.80118751525879
80	331.53497314453125	1186.8067626953125	25.4991512298584
81	523.2784423828125	1314.71728515625	25.734508514404297
82	472.1705627441406	994.816162109375	27.061695098876953
83	385.5833435058594	1011.83056640625	27.193769454956055
84	354.13763427734375	1037.7574462890625	26.884828567504883
85	394.2840576171875	1094.296875	27.41427993774414
86	399.8758850097656	1173.93310546875	27.157358169555664
87	572.9143676757812	1186.985107421875	26.642370223999023
88	380.65771484375	1259.0872802734375	26.848844528198242
89	525.9396362304688	1024.5066528320312	28.044267654418945
90	361.8817138671875	1215.3111572265625	28.241647720336914
91	432.5193176269531	1218.3167724609375	27.60191535949707
92	333.42218017578125	1316.5465087890625	27.954618453979492
93	493.05401611328125	1340.5650634765625	28.01700210571289
94	394.2621765136719	1347.4124755859375	28.189176559448242
95	318.451904296875	1031.470947265625	29.12360954284668
96	344.32562255859375	1071.4818115234375	28.90583610534668
97	347.0374450683594	1125.995849609375	28.899456024169922
98	544.380126953125	1211.2099609375	29.109270095825195
99	532.9759521484375	1272.27392578125	29.406803131103516
100	415.2048645019531	961.8840942382812	30.7518253326416
101	446.0282897949219	1002.3101196289062	29.548843383789062
102	554.0899658203125	1072.201904296875	29.8138484954834
103	505.8253173828125	1115.006591796875	30.178632736206055
104	471.6611328125	1218.9993896484375	29.595359802246094
105	402.50543212890625	1223.801513671875	30.288562774658203
106	300.6739807128906	1238.6591796875	30.129640579223633
107	439.8736267089844	1346.0194091796875	30.54206657409668
108	720.579345703125	1620.3248291015625	30.076234817504883
109	474.518310546875	969.1295166015625	30.9886417388916
110	394.5640563964844	1017.6370239257812	30.768251419067383
111	476.7357177734375	1065.052001953125	31.09602928161621
112	461.47357177734375	1129.4957275390625	30.611351013183594
113	565.6409912109375	1153.5059814453125	31.405431747436523
114	510.34521484375	1167.337646484375	31.31841278076172
115	429.335693359375	1272.647705078125	31.184246063232422
116	416.41375732421875	1100.205078125	32.40708923339844
117	376.0477294921875	1174.8936767578125	31.68808364868164
118	301.6901550292969	1191.910400390625	31.429397583007812
119	354.52862548828125	1298.0264892578125	32.212989807128906
120	524.480224609375	995.232177734375	32.94308853149414
121	291.6715393066406	1115.430419921875	33.2642936706543
122	480.0911865234375	1308.9365234375	33.2618293762207
123	416.6634521484375	1320.86279296875	33.520748138427734
124	360.05767822265625	966.8857421875	34.918983459472656
125	336.5232849121094	1005.4963989257812	33.955631256103516
126	355.5	1043.5	34.0
127	315.167724609375	1073.829833984375	34.50303649902344
128	519.9766845703125	1075.31103515625	34.31282043457031
129	565.6814575195312	1193.2127685546875	34.28567123413086
130	334.000732421875	1243.570556640625	34.415992736816406
131	787.3377075195312	1827.2252197265625	33.974327087402344
132	359.554443359375	966.588134765625	35.01342010498047
133	496.05645751953125	1008.647705078125	34.80789566040039
134	326.9137878417969	1056.7781982421875	34.834014892578125
135	298.8312072753906	1102.124267578125	34.94229507446289
136	447.75469970703125	1236.462646484375	34.81904602050781
137	510.8716125488281	1274.3902587890625	34.502784729003906
138	363.777099609375	1088.7166748046875	36.471866607666016
139	504.15203857421875	966.8619384765625	37.380775451660156
140	578.0287475585938	1124.8966064453125	37.142818450927734
141	314.64569091796875	1165.9866943359375	36.83700942993164
142	415.85687255859375	1169.369384765625	36.67417526245117
143	449.68408203125	1206.2255859375	37.34721755981445
144	409.21075439453125	1276.8551025390625	36.82520294189453
145	380.1301574707031	1008.1826171875	38.2115592956543
146	354.8359375	1171.4874267578125	37.94179153442383
147	351.0946044921875	1213.390380859375	38.19598388671875
148	432.0452575683594	975.0755615234375	38.58033752441406
149	412.09552001953125	990.5731201171875	39.125064849853516
150	432.0570983886719	1123.290771484375	39.45560073852539
151	549.8672485351562	1215.7481689453125	38.55199432373047
152	391.4817199707031	1223.47119140625	39.250797271728516
153	471.5998840332031	1094.7137451171875	39.42461395263672
154	533.2109375	1191.2906494140625	40.2927131652832
155	515.34375	1233.816650390625	39.980125427246094
156	443.6318664550781	1251.9378662109375	39.801048278808594
157	503.3569641113281	997.5966796875	40.92209243774414
158	362.173095703125	1002.7039794921875	40.50736999511719
159	450.5202941894531	1059.0118408203125	41.186981201171875
160	559.41552734375	1062.9505615234375	40.93091583251953
161	324.9081726074219	1074.00048828125	41.362709045410156
162	456.5120544433594	971.550537109375	41.78372573852539
163	483.165283203125	1056.96484375	42.1684684753418
164	513.6616516113281	1136.4925537109375	41.48069763183594
165	734.117431640625	1631.8277587890625	42.09458541870117
166	557.6773681640625	967.460693359375	42.9667854309082
167	404.2791442871094	993.5493774414062	42.81485366821289
168	497.0611572265625	1158.6856689453125	43.23196792602539
169	410.55126953125	1172.6856689453125	43.46835708618164
170	436.7033996582031	1196.8470458984375	43.23678207397461
171	372.51385498046875	1076.334716796875	44.25813674926758
172	362.3680419921875	1125.3153076171875	43.52159118652344
173	549.3839111328125	1149.2061767578125	44.247859954833984
174	650.04248046875	1281.278076171875	44.14132308959961
175	538.6316528320312	1089.0953369140625	44.796730041503906
176	400.1427917480469	1145.2508544921875	45.544734954833984
177	741.0242309570312	1823.2967529296875	45.09614562988281
178	445.1604309082031	1013.1709594726562	45.53511047363281
179	438.51605224609375	1091.1619873046875	46.12494659423828
180	513.6746520996094	1124.1417236328125	46.398773193359375
181	467.9572448730469	1177.893798828125	45.689918518066406
182	395.1091613769531	1040.70166015625	46.684226989746094
183	436.17926025390625	1071.1392822265625	47.29799270629883
184	473.6319885253906	1127.513671875	47.1324348449707
185	433.45361328125	1139.7596435546875	46.87663650512695
186	630.7095947265625	892.08740234375	48.06395721435547
187	477.4031066894531	1094.9351806640625	47.511268615722656
188	859.81787109375	1857.9312744140625	48.016963958740234
189	536.5159912109375	1470.0377197265625	54.40864944458008
190	709.3944091796875	1011.619384765625	57.998111724853516
191	131.60610961914062	874.8943481445312	60.631656646728516
192	556.0427856445312	629.7723388671875	66.26741790771484
193	444.0445251464844	153.94918823242188	72.36297607421875
