id	x	y	z
0	426.2724914550781	1322.5682373046875	7.451355457305908
1	378.49969482421875	1332.347900390625	7.275745391845703
2	420.2359924316406	1233.4571533203125	8.411757469177246
3	460.8421325683594	1296.185546875	8.138365745544434
4	347.4073791503906	1313.4749755859375	8.206988334655762
5	402.5276184082031	1267.9537353515625	8.947099685668945
6	337.8722229003906	1192.939453125	10.436509132385254
7	337.05364990234375	1245.66064453125	11.263200759887695
8	321.1963195800781	1355.533935546875	10.878384590148926
9	453.3629455566406	1168.93359375	11.908183097839355
10	400.15716552734375	1177.9442138671875	12.003464698791504
11	448.28985595703125	1338.4698486328125	11.500988960266113
12	366.28094482421875	1152.1744384765625	12.90565013885498
13	310.753173828125	1297.8310546875	13.191924095153809
14	377.3224792480469	1362.860107421875	13.3015718460083
15	331.4385986328125	1171.8101806640625	13.85153865814209
16	509.7487487792969	1344.5858154296875	13.78306770324707
17	468.0291442871094	1373.3150634765625	14.339229583740234
18	396.7532958984375	1238.43701171875	15.31131649017334
19	533.7855224609375	1283.566650390625	15.130875587463379
20	380.22833251953125	1110.90185546875	16.7416934967041
21	362.5660095214844	1143.6051025390625	16.931278228759766
22	311.63763427734375	1221.0462646484375	16.934785842895508
23	452.0379943847656	1296.8031005859375	16.991962432861328
24	342.16796875	1357.108642578125	17.388635635375977
25	454.0626525878906	1090.5413818359375	18.17485809326172
26	480.5229187011719	1155.902587890625	17.52272605895996
27	310.59130859375	1170.1168212890625	17.517017364501953
28	401.2102355957031	1326.907470703125	18.250232696533203
29	432.6921081542969	1380.2357177734375	18.28769874572754
30	471.4537048339844	1380.5738525390625	17.899194717407227
31	451.4427490234375	1232.64453125	18.90886688232422
32	498.8870544433594	1245.8265380859375	19.359716415405273
33	425.7347412109375	1126.791259765625	20.322328567504883
34	328.2421875	1145.457275390625	20.49413299560547
35	373.05419921875	1278.197998046875	19.920944213867188
36	529.0606079101562	1288.7320556640625	19.893020629882812
37	357.771484375	1087.776123046875	21.10133171081543
38	492.1262512207031	1097.0147705078125	21.33966064453125
39	314.6752014160156	1248.7818603515625	21.765544891357422
40	301.0399475097656	1298.979248046875	21.579696655273438
41	383.896484375	1359.10302734375	21.770713806152344
42	466.77490234375	1377.9525146484375	21.512962341308594
43	556.0179443359375	1692.89306640625	21.924537658691406
44	377.5020446777344	1066.3778076171875	23.245990753173828
45	546.3383178710938	1147.14501953125	22.798450469970703
46	450.6153564453125	1180.953125	22.643234252929688
47	557.8880615234375	1225.4984130859375	22.696495056152344
48	458.2955627441406	1056.9561767578125	23.568828582763672
49	470.4581298828125	1121.2047119140625	23.854488372802734
50	504.6437683105469	1219.701904296875	24.47081756591797
51	461.67694091796875	1274.0289306640625	24.057519912719727
52	282.2501525878906	1185.3809814453125	24.774215698242188
53	545.15234375	1188.7813720703125	25.159130096435547
54	373.7245178222656	1222.226806640625	24.52560806274414
55	334.805419921875	1062.2476806640625	26.279685974121094
56	408.9452819824219	1107.604736328125	26.48627281188965
57	492.6078186035156	1338.2529296875	26.01009750366211
58	393.91204833984375	1022.789794921875	27.040573120117188
59	317.79913330078125	1111.5848388671875	26.866043090820312
60	378.24822998046875	1127.542724609375	26.742942810058594
61	314.1282653808594	1228.4715576171875	27.305444717407227
62	543.8578491210938	1271.94384765625	26.734487533569336
63	415.6729431152344	1286.623291015625	27.46235466003418
64	339.8902282714844	1326.2347412109375	27.420238494873047
65	534.7074584960938	1110.095947265625	27.60209083557129
66	389.5020446777344	1175.8599853515625	28.229209899902344
67	394.4380187988281	1347.6842041015625	27.91034507751465
68	448.1556701660156	1363.4171142578125	27.95002555847168
69	422.62847900390625	991.5326538085938	29.220294952392578
70	359.49285888671875	1017.29443359375	28.453245162963867
71	483.7918701171875	1056.0738525390625	29.348407745361328
72	547.0582275390625	1059.916015625	29.39447021484375
73	426.7113342285156	1100.1748046875	29.27310562133789
74	307.4899597167969	1165.4305419921875	29.46338653564453
75	571.293212890625	1163.080078125	29.24313735961914
76	433.4910583496094	1218.2509765625	28.786882400512695
77	506.2022705078125	1012.4172973632812	30.219995498657227
78	562.600341796875	1211.874755859375	29.859188079833984
79	326.6548156738281	1232.4935302734375	30.19097900390625
80	454.9324035644531	1020.53466796875	31.162233352661133
81	295.6148376464844	1089.482421875	31.32061767578125
82	434.56414794921875	1141.720703125	31.413156509399414
83	497.23895263671875	1202.6412353515625	30.51179313659668
84	469.10382080078125	1245.61474609375	30.97319793701172
85	532.9356079101562	1275.3880615234375	31.060686111450195
86	480.3987731933594	1307.798095703125	31.026832580566406
87	724.2395629882812	1618.140380859375	31.26613998413086
88	335.3581848144531	1025.2072143554688	31.75657081604004
89	400.5064697265625	1070.8199462890625	31.175556182861328
90	580.2628173828125	1109.080322265625	32.35235595703125
91	487.8397216796875	1123.8046875	31.7963924407959
92	422.7580871582031	1332.1070556640625	31.734111785888672
93	372.9003601074219	983.8256225585938	33.03459930419922
94	306.2857666015625	1179.1396484375	32.79790496826172
95	377.3033447265625	1302.416748046875	32.67543411254883
96	437.6056823730469	963.77490234375	33.53778839111328
97	500.17352294921875	974.5044555664062	33.71308135986328
98	345.0583801269531	1069.6396484375	34.26060485839844
99	487.4490966796875	1054.2294921875	35.448055267333984
100	515.2815856933594	1091.80615234375	35.117095947265625
101	579.4551391601562	1132.1500244140625	34.88251876831055
102	375.3883056640625	1142.6619873046875	34.98873519897461
103	478.0754699707031	1152.779541015625	34.855220794677734
104	328.83599853515625	1219.3428955078125	34.781700134277344
105	548.9290161132812	1237.8507080078125	34.87113952636719
106	789.87158203125	1823.091552734375	35.222660064697266
107	524.9486694335938	989.4100341796875	35.89434051513672
108	572.4524536132812	1041.7552490234375	36.39519119262695
109	423.8614501953125	1177.5203857421875	35.672828674316406
110	569.2659301757812	1197.0291748046875	36.07564163208008
111	380.4139099121094	1262.802978515625	35.88368225097656
112	425.9607849121094	1260.9224853515625	36.12306213378906
113	446.4628601074219	1300.2235107421875	35.85822677612305
114	389.4803161621094	957.0966186523438	36.69163513183594
115	439.9558410644531	1003.2205810546875	37.00944137573242
116	352.634033203125	1019.26220703125	36.61123275756836
117	421.0960388183594	1033.1014404296875	36.982566833496094
118	440.6429443359375	1095.0728759765625	37.08120346069336
119	308.87744140625	1110.282958984375	36.9438591003418
120	473.3543701171875	955.814697265625	38.1421012878418
121	537.0240478515625	1239.43408203125	37.55434036254883
122	408.8819580078125	951.786865234375	39.13319396972656
123	509.0684509277344	1022.3031616210938	39.3922004699707
124	570.0618896484375	1089.998046875	38.570068359375
125	486.17669677734375	1135.4263916015625	39.08030319213867
126	319.1846923828125	1149.1851806640625	39.22803497314453
127	507.3817443847656	1191.712890625	39.474456787109375
128	353.6651611328125	1208.3043212890625	39.32612609863281
129	547.6797485351562	977.8587646484375	40.004669189453125
130	371.8189697265625	1036.096923828125	39.86676025390625
131	536.5303955078125	1145.0914306640625	39.78282165527344
132	478.0633850097656	1255.6065673828125	40.058311462402344
133	563.77490234375	1031.032470703125	40.838199615478516
134	462.37591552734375	1045.1334228515625	41.20581817626953
135	323.3564758300781	1054.5869140625	40.60458755493164
136	373.7135314941406	1084.8863525390625	40.582542419433594
137	443.9428405761719	1187.8665771484375	40.62615966796875
138	423.0242919921875	1234.228271484375	40.601829528808594
139	363.2588195800781	1164.835693359375	41.763755798339844
140	393.6784362792969	1003.893310546875	42.89241027832031
141	340.1220703125	1116.27294921875	42.989776611328125
142	549.0116577148438	1176.8077392578125	42.909263610839844
143	739.7644653320312	1627.848388671875	43.314453125
144	560.4951171875	968.2622680664062	43.80453872680664
145	514.5353698730469	1149.9744873046875	43.646583557128906
146	414.7213134765625	1196.71630859375	43.79296875
147	462.4640808105469	981.8202514648438	44.75185012817383
148	392.3317565917969	1051.95556640625	45.16371154785156
149	525.3023681640625	1054.716064453125	45.24636459350586
150	345.82012939453125	1065.933837890625	45.4224967956543
151	436.1308288574219	1122.0965576171875	45.45976257324219
152	555.78173828125	1130.5994873046875	44.996646881103516
153	473.3594970703125	1193.8583984375	45.01606750488281
154	420.4537048339844	1002.3132934570312	45.57957077026367
155	485.3324890136719	1112.7535400390625	45.871742248535156
156	383.7078552246094	1133.072509765625	46.07065200805664
157	744.690185546875	1820.0142822265625	46.41755676269531
158	516.6138916015625	984.7420654296875	47.17924499511719
159	454.6783447265625	1076.76611328125	47.39944839477539
160	523.9671020507812	1084.061767578125	46.9570426940918
161	428.8674011230469	1160.281982421875	47.04779815673828
162	475.02703857421875	1004.1539306640625	47.9081916809082
163	437.05096435546875	1035.663818359375	48.070919036865234
164	391.30755615234375	1095.306640625	48.37319564819336
165	539.9251708984375	1467.8953857421875	55.56442642211914
166	713.1278076171875	1008.6586303710938	59.209800720214844
