id	x	y	z
0	415.07305908203125	1691.4390869140625	14.535433769226074
1	614.8800048828125	1027.364013671875	21.422393798828125
2	649.6510620117188	1060.549072265625	21.90888023376465
3	616.3973388671875	1072.5751953125	21.62459945678711
4	618.6676635742188	1177.250244140625	22.284231185913086
5	564.3102416992188	1104.920166015625	22.851728439331055
6	631.4932250976562	1110.0760498046875	23.3608455657959
7	655.2400512695312	1155.243408203125	23.332502365112305
8	586.4509887695312	1217.3773193359375	22.844831466674805
9	630.5299072265625	1232.4703369140625	23.24578094482422
10	546.8576049804688	1104.735595703125	23.85923194885254
11	541.262451171875	1158.3804931640625	23.476112365722656
12	522.3792724609375	1226.349365234375	24.37415313720703
13	690.91259765625	1062.5137939453125	24.93195915222168
14	586.44775390625	1169.819091796875	25.02829933166504
15	503.7627258300781	1193.4091796875	26.320465087890625
16	690.8969116210938	1229.808349609375	25.5252685546875
17	563.3901977539062	1055.3067626953125	26.710891723632812
18	726.0074462890625	1117.434814453125	26.745210647583008
19	673.7774658203125	1120.8641357421875	27.32505989074707
20	633.287841796875	1132.0206298828125	27.432687759399414
21	644.0478515625	1189.23583984375	27.109006881713867
22	644.7777099609375	1285.6923828125	27.01013946533203
23	484.8033447265625	1289.3409423828125	27.292341232299805
24	602.9664916992188	1253.68115234375	28.368165969848633
25	690.431884765625	1154.5079345703125	28.91740608215332
26	745.3753051757812	1153.9462890625	29.325578689575195
27	473.3656921386719	1160.3843994140625	28.774250030517578
28	474.0508728027344	1245.0279541015625	29.233644485473633
29	561.1978759765625	1241.603515625	28.969539642333984
30	644.1797485351562	1049.264892578125	30.249258041381836
31	444.9061584472656	1209.164306640625	30.296358108520508
32	587.2044067382812	1017.2959594726562	31.176977157592773
33	537.8713989257812	1090.8966064453125	30.664949417114258
34	505.8097839355469	1128.61474609375	30.803518295288086
35	542.7850952148438	1195.6763916015625	31.26083755493164
36	474.5513610839844	1310.6617431640625	31.056888580322266
37	613.4486694335938	1340.841796875	30.613853454589844
38	514.5697937011719	1350.4730224609375	31.349502563476562
39	467.7941589355469	1358.2408447265625	30.97648048400879
40	655.7542114257812	1250.3660888671875	31.78866195678711
41	429.88299560546875	1284.489013671875	31.92452049255371
42	570.7777099609375	1339.7000732421875	31.691341400146484
43	547.7804565429688	1054.868408203125	33.326622009277344
44	665.2579956054688	1085.891357421875	33.15340042114258
45	719.6301879882812	1117.41162109375	32.87628173828125
46	530.7332763671875	1277.0673828125	32.714263916015625
47	412.06494140625	1765.4295654296875	32.569740295410156
48	505.27154541015625	1074.14697265625	33.654232025146484
49	719.3672485351562	1072.41943359375	33.470394134521484
50	607.2129516601562	1085.9622802734375	33.5056037902832
51	469.57904052734375	1160.128173828125	33.67499542236328
52	593.4205932617188	1246.420166015625	34.403411865234375
53	411.5755615234375	1319.88916015625	33.56201934814453
54	483.74725341796875	1117.396240234375	34.875755310058594
55	699.4759521484375	1157.5205078125	35.4948844909668
56	610.5130004882812	1364.58349609375	34.64419937133789
57	489.9129333496094	1411.624267578125	35.29377365112305
58	647.61865234375	1039.3233642578125	36.00962829589844
59	519.3511352539062	1213.24853515625	35.59739685058594
60	706.9680786132812	1211.0228271484375	35.58442306518555
61	495.584228515625	1292.1141357421875	35.52104187011719
62	542.7847900390625	1373.194091796875	35.67598342895508
63	442.779052734375	1390.166259765625	36.44608688354492
64	616.7266845703125	1016.744140625	37.27965545654297
65	581.082763671875	1029.985595703125	37.40888977050781
66	652.3283081054688	1141.8326416015625	36.73629379272461
67	681.0526733398438	1250.9913330078125	37.39625549316406
68	595.67431640625	1117.9781494140625	37.52705764770508
69	724.8959350585938	1143.56298828125	38.49089813232422
70	544.1198120117188	1187.9542236328125	38.06664276123047
71	620.9998779296875	1194.809326171875	38.06972885131836
72	417.1319885253906	1272.8984375	37.943824768066406
73	472.1548767089844	1332.44580078125	37.759586334228516
74	626.3395385742188	1331.293701171875	38.032962799072266
75	384.23785400390625	1407.2010498046875	38.32888412475586
76	662.0	1090.3209228515625	38.78404235839844
77	548.9657592773438	1291.075439453125	38.627323150634766
78	410.4449462890625	1343.03125	38.70634460449219
79	582.9979858398438	1400.9091796875	38.524932861328125
80	535.5946044921875	1436.396728515625	39.09675216674805
81	623.3160400390625	1056.6976318359375	40.22494888305664
82	540.7197265625	1076.11328125	39.515621185302734
83	340.8614196777344	1379.1473388671875	39.84080505371094
84	572.9226684570312	1057.772216796875	41.4315185546875
85	561.6668090820312	1156.3939208984375	40.84325408935547
86	509.6059265136719	1345.904541015625	40.60631561279297
87	420.4846496582031	1424.140625	41.07236862182617
88	458.6999816894531	1451.949951171875	40.53852462768555
89	683.994140625	1105.3106689453125	41.79969024658203
90	486.37420654296875	1117.736328125	42.396881103515625
91	617.1148681640625	1167.6624755859375	42.176204681396484
92	431.7354736328125	1192.9478759765625	42.05765151977539
93	561.2116088867188	1229.5794677734375	41.86550521850586
94	674.0542602539062	1229.211181640625	41.79195022583008
95	470.2832946777344	1240.2291259765625	42.0733528137207
96	413.4991455078125	1294.177734375	42.004695892333984
97	534.8477172851562	1089.583740234375	42.97701644897461
98	616.5171508789062	1110.249267578125	42.59110641479492
99	678.8927001953125	1162.1624755859375	42.72740173339844
100	509.1316223144531	1183.7335205078125	43.10086441040039
101	631.545166015625	1294.373046875	43.165740966796875
102	362.23834228515625	1329.667236328125	43.27289962768555
103	593.0789184570312	1348.879638671875	43.07096481323242
104	547.0189208984375	1385.2681884765625	42.78221130371094
105	599.9274291992188	1077.273681640625	44.11422348022461
106	356.9836120605469	1441.9879150390625	44.20866775512695
107	452.99639892578125	1148.3072509765625	44.702491760253906
108	600.75244140625	1281.6431884765625	44.692039489746094
109	528.2262573242188	1289.67919921875	45.12754821777344
110	637.5343627929688	1146.8284912109375	45.80344009399414
111	660.6683959960938	1189.001953125	45.69289016723633
112	511.9911804199219	1216.3369140625	45.51732635498047
113	638.1764526367188	1237.57958984375	46.33548355102539
114	322.5355224609375	1373.1416015625	46.181644439697266
115	430.8441162109375	1466.1846923828125	45.7909049987793
116	538.2997436523438	1129.3896484375	47.39046096801758
117	445.186279296875	1257.45068359375	46.8309326171875
118	381.01153564453125	1292.865478515625	47.28330612182617
119	458.32318115234375	1322.0821533203125	46.74019241333008
120	427.3326416015625	1369.7406005859375	46.92469024658203
121	588.6045532226562	1129.6390380859375	47.767066955566406
122	497.1853942871094	1148.9840087890625	47.94346237182617
123	376.67578125	1221.9522705078125	47.968894958496094
124	480.0216369628906	1386.8095703125	47.69948196411133
125	501.29034423828125	1171.9742431640625	49.13397979736328
126	455.4686584472656	1186.9906005859375	49.39558410644531
127	599.3510131835938	1187.2835693359375	49.36641311645508
128	415.409423828125	1201.6170654296875	48.51823806762695
129	594.8505249023438	1242.75537109375	49.31922149658203
130	565.6920166015625	1318.4197998046875	49.44225311279297
131	379.2053527832031	1376.63916015625	49.01865005493164
132	58.61526107788086	1453.246337890625	48.728511810302734
133	546.8399047851562	1204.5255126953125	50.72755432128906
134	463.5401306152344	1226.1446533203125	50.675804138183594
135	399.21539306640625	1265.748291015625	52.510711669921875
136	537.186279296875	1336.589599609375	52.08388900756836
137	332.4751892089844	1368.5184326171875	52.147987365722656
138	423.52691650390625	1432.4248046875	51.65528106689453
139	546.8853149414062	1271.7713623046875	53.43619155883789
140	378.5616760253906	1321.7447509765625	53.33940505981445
141	427.3982849121094	1327.48974609375	53.23654556274414
142	482.9836730957031	1263.7650146484375	54.02249526977539
143	461.4293212890625	1425.84033203125	54.98272705078125
144	437.88995361328125	1272.93701171875	55.80241012573242
145	466.51177978515625	1359.538818359375	55.875675201416016
146	357.5575866699219	1372.239501953125	55.95779037475586
147	408.22454833984375	1372.3465576171875	56.53103256225586
