id	x	y	z
0	370.259521484375	1387.6318359375	18.913537979125977
1	384.9072265625	1252.190673828125	22.691085815429688
2	418.6434631347656	1199.1785888671875	26.356142044067383
3	515.55712890625	1331.280517578125	28.822158813476562
4	566.140625	1304.6571044921875	33.65447235107422
5	372.7204895019531	1293.75537109375	38.49659729003906
6	399.7425842285156	1091.33935546875	41.50611877441406
7	536.6183471679688	1168.022705078125	43.615848541259766
8	566.2439575195312	1045.0484619140625	48.366477966308594
