id	x	y	z
0	154.8833770751953	1435.177978515625	13.746832847595215
1	726.983642578125	1877.2685546875	22.101177215576172
2	655.8654174804688	1670.4832763671875	25.225690841674805
3	774.5628662109375	1681.87939453125	30.43709945678711
4	807.6456298828125	1873.5853271484375	31.41770362854004
5	363.52789306640625	898.2717895507812	32.23183822631836
6	486.0712585449219	1747.4268798828125	33.95518112182617
7	789.8993530273438	1518.569580078125	52.16067886352539
8	328.53570556640625	1725.890380859375	52.512447357177734
