id	x	y	z
0	415.4020690917969	1690.93994140625	14.50178337097168
1	612.6492309570312	1025.814208984375	21.268564224243164
2	629.5967407226562	1064.674560546875	22.310577392578125
3	588.7778930664062	1218.0174560546875	22.303979873657227
4	659.1558227539062	1051.39892578125	22.880231857299805
5	548.4609375	1154.2554931640625	23.116117477416992
6	638.4085693359375	1217.1046142578125	23.49811363220215
7	544.8079223632812	1101.787353515625	23.826709747314453
8	636.446533203125	1139.8736572265625	23.911853790283203
9	659.2329711914062	1145.780029296875	23.49187660217285
10	591.8602905273438	1086.1986083984375	24.36210823059082
11	645.1860961914062	1101.173828125	25.085891723632812
12	517.0972290039062	1219.525634765625	24.666000366210938
13	700.936767578125	1124.3370361328125	26.45563316345215
14	507.1828918457031	1182.501708984375	25.72539710998535
15	662.6044921875	1176.3970947265625	26.23980140686035
16	539.8720703125	1303.0523681640625	26.062253952026367
17	684.682373046875	1052.046142578125	27.090618133544922
18	579.2373046875	1069.531005859375	26.588382720947266
19	704.634765625	1225.870361328125	27.349775314331055
20	651.4140014648438	1276.6842041015625	27.017545700073242
21	491.9312438964844	1282.9305419921875	27.259607315063477
22	581.0878295898438	1310.3419189453125	27.14777374267578
23	508.5325622558594	1235.4285888671875	27.78688621520996
24	610.9039306640625	1256.4732666015625	27.85626792907715
25	474.8800048828125	1147.756591796875	28.563888549804688
26	474.6137390136719	1236.052490234375	29.184364318847656
27	480.3450927734375	1304.3212890625	29.40977668762207
28	627.4486694335938	1033.2493896484375	30.16119956970215
29	520.95751953125	1125.5313720703125	30.010757446289062
30	685.385986328125	1151.529541015625	30.009479522705078
31	613.022216796875	1332.4927978515625	29.84245491027832
32	480.9862365722656	1353.5018310546875	30.479236602783203
33	568.4695434570312	1022.9312133789062	31.00787353515625
34	553.0349731445312	1101.8031005859375	30.7318172454834
35	621.6654663085938	1161.0224609375	31.26362419128418
36	567.34619140625	1186.3043212890625	30.579620361328125
37	456.2669677734375	1196.1719970703125	30.696870803833008
38	559.1207275390625	1272.419189453125	30.543886184692383
39	525.3485717773438	1333.9677734375	31.01929473876953
40	744.489501953125	1154.6771240234375	31.729610443115234
41	503.2210388183594	1167.4588623046875	32.43361282348633
42	430.35089111328125	1283.0557861328125	31.564502716064453
43	662.3820190429688	1295.8349609375	31.751476287841797
44	569.5047607421875	1339.822998046875	32.039703369140625
45	413.05377197265625	1765.5750732421875	32.4672966003418
46	503.897216796875	1075.7818603515625	32.61128234863281
47	613.720458984375	1078.366455078125	33.361629486083984
48	728.7474365234375	1202.8543701171875	32.762229919433594
49	655.5048828125	1250.392822265625	32.82075881958008
50	415.35296630859375	1302.3433837890625	33.209693908691406
51	552.2940063476562	1068.7344970703125	34.22289276123047
52	499.74041748046875	1114.2899169921875	34.12362289428711
53	485.7764587402344	1284.0911865234375	34.34815216064453
54	601.72705078125	1367.6275634765625	34.0713996887207
55	661.6525268554688	1070.997314453125	35.35078430175781
56	711.40185546875	1110.826416015625	35.46340560913086
57	576.3523559570312	1150.1856689453125	34.66012191772461
58	431.14501953125	1248.9013671875	34.649784088134766
59	600.4632568359375	1248.5615234375	34.6998405456543
60	445.14404296875	1374.7586669921875	34.94013977050781
61	536.0350952148438	1370.245849609375	35.24161911010742
62	612.9866333007812	1097.0284423828125	35.90388870239258
63	689.2978515625	1164.5413818359375	36.049156188964844
64	488.93719482421875	1412.5030517578125	35.591552734375
65	617.8896484375	1017.65185546875	37.35131072998047
66	577.0244750976562	1028.4710693359375	36.81428909301758
67	648.588623046875	1030.251953125	36.492530822753906
68	515.5535888671875	1159.775634765625	37.30377197265625
69	697.5319213867188	1219.9774169921875	37.0604133605957
70	442.498046875	1244.3546142578125	36.9188232421875
71	393.3894958496094	1386.078369140625	36.62942886352539
72	654.6080932617188	1124.4368896484375	38.19962692260742
73	625.1417236328125	1196.3076171875	38.505638122558594
74	580.862060546875	1411.2275390625	37.7807502746582
75	543.2440185546875	1068.8309326171875	38.872562408447266
76	434.9588317871094	1171.048095703125	39.07729721069336
77	392.55169677734375	1264.5579833984375	39.22199249267578
78	544.724853515625	1285.654296875	39.19483184814453
79	413.5748596191406	1327.94140625	38.662567138671875
80	631.36279296875	1331.0281982421875	38.66454315185547
81	531.7891845703125	1431.5936279296875	38.75938034057617
82	420.2967834472656	1420.7098388671875	39.52657699584961
83	460.343017578125	1448.1544189453125	39.956661224365234
84	613.109130859375	1057.6197509765625	40.9710807800293
85	658.6238403320312	1089.2921142578125	40.79434585571289
86	469.82275390625	1120.018310546875	40.66746139526367
87	508.5860900878906	1347.13134765625	40.598594665527344
88	591.5242919921875	1363.9105224609375	41.011837005615234
89	570.9188232421875	1079.4805908203125	43.255714416503906
90	516.794677734375	1100.135498046875	42.20325469970703
91	687.3383178710938	1126.104736328125	42.081764221191406
92	551.4962768554688	1159.7286376953125	41.717586517333984
93	496.189697265625	1184.80126953125	41.50360870361328
94	556.140380859375	1231.355712890625	41.6075439453125
95	468.91534423828125	1237.70556640625	41.84471130371094
96	663.02197265625	1283.7928466796875	41.69857406616211
97	422.8065490722656	1296.299560546875	42.539581298828125
98	339.3218688964844	1370.7606201171875	42.27035903930664
99	547.3644409179688	1384.951171875	42.27891540527344
100	360.775634765625	1433.2562255859375	42.22718048095703
101	438.70068359375	1154.8912353515625	43.51092529296875
102	617.8267822265625	1154.619384765625	43.36786651611328
103	418.8210144042969	1214.9962158203125	42.99787139892578
104	604.8331909179688	1100.6610107421875	43.76319885253906
105	665.768310546875	1177.3427734375	43.91168975830078
106	648.05859375	1241.051025390625	43.57890319824219
107	509.6398620605469	1212.9515380859375	45.05498504638672
108	520.5458984375	1291.0386962890625	45.123477935791016
109	382.63330078125	1334.7672119140625	44.524906158447266
110	430.5572204589844	1465.0301513671875	44.75678634643555
111	513.9872436523438	1130.862060546875	46.094085693359375
112	648.0244140625	1192.127685546875	46.00209045410156
113	446.29833984375	1254.4398193359375	46.51934814453125
114	476.87396240234375	1145.1634521484375	46.54012680053711
115	621.3886108398438	1152.9443359375	46.77373123168945
116	410.1995544433594	1199.522705078125	47.45717239379883
117	366.1810302734375	1231.1888427734375	46.69622802734375
118	588.9742431640625	1284.6773681640625	46.92097091674805
119	459.98553466796875	1330.76318359375	47.35658264160156
120	430.1029968261719	1383.7459716796875	46.93547058105469
121	486.0069274902344	1391.028564453125	47.0657844543457
122	575.5340576171875	1391.0145263671875	46.98278045654297
123	566.104736328125	1125.4827880859375	47.493408203125
124	619.62744140625	1235.5902099609375	48.18027114868164
125	323.3594970703125	1386.2205810546875	48.048667907714844
126	500.85028076171875	1170.2349853515625	48.94974136352539
127	454.8175964355469	1179.5418701171875	49.4715576171875
128	581.6962280273438	1183.0843505859375	49.213134765625
129	403.65533447265625	1308.3731689453125	49.263214111328125
130	374.3005065917969	1394.2333984375	48.52296829223633
131	58.406314849853516	1452.8541259765625	48.65819549560547
132	550.1082153320312	1315.7596435546875	49.551639556884766
133	489.3717956542969	1427.3194580078125	50.14982604980469
134	539.7938232421875	1209.5552978515625	50.8050651550293
135	427.8266296386719	1425.1038818359375	51.35760498046875
136	397.2392578125	1239.426513671875	51.772037506103516
137	583.1474609375	1253.3546142578125	51.71726989746094
138	355.5364990234375	1301.4317626953125	52.25077438354492
139	536.5535278320312	1349.1405029296875	51.929420471191406
140	325.5909423828125	1388.535400390625	51.84410858154297
141	442.0341491699219	1219.658203125	52.72450256347656
142	503.424560546875	1242.3004150390625	53.25785446166992
143	355.9364929199219	1337.7947998046875	53.971351623535156
144	467.7652893066406	1257.2830810546875	54.58715057373047
145	423.3196716308594	1265.666015625	55.180870056152344
146	418.1297607421875	1325.650634765625	54.84342956542969
147	359.5017395019531	1398.5416259765625	54.69683837890625
148	464.075927734375	1360.123779296875	55.821163177490234
149	402.6634216308594	1377.1041259765625	56.08107376098633
150	454.21185302734375	1422.145263671875	55.59095764160156
