id	x	y	z
0	127.6653060913086	784.798583984375	2.6320412158966064
1	761.5538940429688	1218.6041259765625	4.345170497894287
2	159.92274475097656	1442.639892578125	14.545635223388672
3	662.277587890625	1678.046630859375	26.120361328125
4	777.4241333007812	1689.9139404296875	31.416547775268555
5	368.5074462890625	906.0582275390625	33.17736053466797
6	491.63555908203125	1755.630126953125	34.925506591796875
7	797.4926147460938	1525.5811767578125	53.29128646850586
8	335.3990173339844	1734.03857421875	53.297210693359375
