id	x	y	z
0	180.79347229003906	1471.884765625	15.096009254455566
1	43.05353927612305	740.10546875	26.564727783203125
2	122.89512634277344	740.3623657226562	26.58089256286621
3	356.0879211425781	740.3562622070312	26.560443878173828
4	811.1962890625	739.5615234375	26.56483268737793
5	251.13348388671875	747.356689453125	26.56897735595703
6	753.5558471679688	747.284912109375	26.569475173950195
7	578.281494140625	755.2941284179688	26.5674991607666
8	644.2175903320312	763.7147827148438	26.567461013793945
9	811.365478515625	778.6099243164062	26.566621780395508
10	452.6096496582031	795.5560302734375	26.564340591430664
11	651.6466064453125	803.3036499023438	26.569807052612305
12	36.3473014831543	811.3814086914062	26.5604190826416
13	115.50101470947266	811.0967407226562	26.570438385009766
14	362.7510681152344	811.2566528320312	26.568208694458008
15	244.3148193359375	819.6145629882812	26.570131301879883
16	581.2943725585938	819.607421875	26.56291389465332
17	754.5559692382812	819.7313232421875	26.571266174316406
18	753.9486694335938	859.5029907226562	26.573484420776367
19	803.7947387695312	859.3311157226562	26.571992874145508
20	132.17564392089844	875.065185546875	26.572568893432617
21	651.0947265625	875.193115234375	26.570777893066406
22	250.9050750732422	883.381103515625	26.568979263305664
23	531.1121215820312	891.4197387695312	26.56899642944336
24	34.96620750427246	899.0641479492188	26.56736183166504
25	452.3889465332031	898.9221801757812	26.57588768005371
26	83.83612060546875	907.5839233398438	26.57278060913086
27	349.3553466796875	915.813232421875	26.702077865600586
28	83.5269775390625	931.4896240234375	26.574172973632812
29	531.8795166015625	947.5255737304688	26.571666717529297
30	578.9393920898438	955.4871826171875	26.5655517578125
31	35.82982635498047	963.7084350585938	26.563735961914062
32	451.9773254394531	963.548583984375	26.572349548339844
33	642.4698486328125	963.3655395507812	26.561279296875
34	804.0972290039062	963.2267456054688	26.574447631835938
35	753.8850708007812	971.2837524414062	26.569311141967773
36	251.2218475341797	979.3865356445312	26.56352996826172
37	355.9143371582031	979.4006958007812	26.560338973999023
38	139.58767700195312	987.6310424804688	26.573396682739258
39	531.317626953125	995.3719482421875	26.57847785949707
40	354.8363342285156	1011.7064819335938	26.568174362182617
41	579.9358520507812	1027.81103515625	26.56964874267578
42	259.44386291503906	1035.7315673828125	26.566524505615234
43	579.9757690429688	1035.191162109375	26.569828033447266
44	803.8917236328125	1035.576904296875	26.57588768005371
45	459.0430908203125	1051.155029296875	26.56733512878418
46	36.099674224853516	1059.79052734375	26.576034545898438
47	363.6267395019531	1059.689697265625	26.577455520629883
48	115.43106079101562	1067.5166015625	26.57209014892578
49	659.2777099609375	1066.7701416015625	26.569881439208984
50	539.08056640625	1075.249755859375	26.571044921875
51	754.0895385742188	1075.3157958984375	26.57223129272461
52	203.14422607421875	1083.737060546875	26.57607078552246
53	579.9954223632812	1083.5069580078125	26.564294815063477
54	362.6944885253906	1115.444091796875	26.568681716918945
55	43.33879852294922	1123.1983642578125	26.565067291259766
56	267.8849792480469	1123.4117431640625	26.565601348876953
57	803.31298828125	1123.52587890625	26.570653915405273
58	420.9245910644531	1147.7564697265625	26.64670753479004
59	580.4199829101562	1147.61083984375	26.56473159790039
60	139.3514862060547	1155.4183349609375	26.57178497314453
61	355.8013610839844	1155.94580078125	26.571239471435547
62	650.3544311523438	1155.2265625	26.56670570373535
63	523.0570068359375	1163.610107421875	26.56865692138672
64	803.6781616210938	1171.5311279296875	26.56362533569336
65	754.786865234375	1187.5926513671875	26.575328826904297
66	539.6218872070312	1195.7196044921875	26.565792083740234
67	43.007423400878906	1203.5592041015625	26.563676834106445
68	363.7773132324219	1203.5682373046875	26.565723419189453
69	443.6346130371094	1203.4112548828125	26.57156753540039
70	83.4713134765625	1211.44921875	26.57623291015625
71	252.37078857421875	1211.5279541015625	26.56949806213379
72	651.412353515625	1211.80615234375	26.562217712402344
73	147.7633514404297	1219.551513671875	26.577388763427734
74	580.174072265625	1219.1942138671875	26.572240829467773
75	443.69970703125	1251.7354736328125	26.559099197387695
76	811.044189453125	1251.5396728515625	26.562726974487305
77	363.1445617675781	1259.4697265625	26.559343338012695
78	139.365234375	1275.8551025390625	26.57777214050293
79	578.9880981445312	1275.5325927734375	26.55860137939453
80	659.1112670898438	1275.93701171875	26.561954498291016
81	252.39207458496094	1283.54296875	26.5651912689209
82	755.0277709960938	1283.708740234375	26.569908142089844
83	811.0402221679688	1283.6285400390625	26.562725067138672
84	435.5727233886719	1299.3924560546875	26.562068939208984
85	43.04350280761719	1315.1275634765625	26.565195083618164
86	83.462158203125	1315.6470947265625	26.572261810302734
87	252.18096923828125	1315.426513671875	26.569625854492188
88	362.5704345703125	1315.2589111328125	26.56744956970215
89	531.048095703125	1315.3255615234375	26.55232810974121
90	754.6491088867188	1331.510009765625	26.568065643310547
91	123.62139129638672	1355.56103515625	26.5773983001709
92	579.94140625	1355.4124755859375	26.54616928100586
93	444.2889709472656	1363.3485107421875	26.56169319152832
94	650.6631469726562	1363.4791259765625	26.56865692138672
95	139.1414337158203	1371.41845703125	26.569459915161133
96	363.047607421875	1379.4351806640625	26.565418243408203
97	754.0932006835938	1379.818603515625	26.563945770263672
98	810.9701538085938	1387.629150390625	26.56584358215332
99	531.2367553710938	1395.6649169921875	26.556310653686523
100	44.18046951293945	1411.5618896484375	26.56509780883789
101	259.3420867919922	1419.2371826171875	26.56291389465332
102	811.4345703125	1435.3389892578125	26.566650390625
103	131.5555877685547	1443.1541748046875	26.570985794067383
104	754.3731079101562	1443.7022705078125	26.568490982055664
105	451.24542236328125	1451.8060302734375	26.559677124023438
106	579.7841186523438	1459.6241455078125	26.56304168701172
107	252.16590881347656	1467.5185546875	26.570310592651367
108	651.13525390625	1467.025390625	26.56369400024414
109	811.1849975585938	1491.6241455078125	26.5675106048584
110	363.9296569824219	1499.7664794921875	26.56414222717285
111	203.74151611328125	1515.33056640625	26.574642181396484
112	43.621578216552734	1523.5589599609375	26.5637264251709
113	251.91188049316406	1531.5211181640625	26.570024490356445
114	450.94415283203125	1531.22705078125	26.573619842529297
115	579.8218994140625	1532.1778564453125	26.568058013916016
116	749.6201171875	1531.430908203125	26.567474365234375
117	651.240478515625	1539.0975341796875	26.566171646118164
118	123.95567321777344	1547.1182861328125	26.57633399963379
119	363.29925537109375	1555.383544921875	26.563077926635742
120	811.089599609375	1579.70068359375	26.568950653076172
121	867.6449584960938	1579.4044189453125	26.57139015197754
122	531.5835571289062	1587.92431640625	26.561880111694336
123	650.3395385742188	1587.5821533203125	26.56903839111328
124	244.30035400390625	1603.2249755859375	26.57125473022461
125	355.6004638671875	1603.8875732421875	26.565900802612305
126	123.89254760742188	1611.79150390625	26.57712173461914
127	459.2801208496094	1611.6658935546875	26.57307243347168
128	580.4479370117188	1611.4208984375	26.569137573242188
129	42.58375930786133	1619.3009033203125	26.563278198242188
130	750.3215942382812	1619.981201171875	26.56814956665039
131	523.7642211914062	1635.4759521484375	26.570804595947266
132	643.5902709960938	1635.3087158203125	26.572477340698242
133	811.2781982421875	1635.6021728515625	26.572811126708984
134	579.6705932617188	1643.4825439453125	26.57233428955078
135	123.2615737915039	1659.66943359375	26.57760238647461
136	363.25860595703125	1659.7933349609375	26.566085815429688
137	259.562255859375	1683.3360595703125	26.57857322692871
138	452.18548583984375	1691.2711181640625	26.577322006225586
139	753.1099243164062	1699.6337890625	26.56503677368164
140	155.4550018310547	1707.466796875	26.569128036499023
141	681.2235717773438	1707.2257080078125	26.621124267578125
142	580.23583984375	1715.149169921875	26.567533493041992
143	810.6657104492188	1715.5537109375	26.597068786621094
144	252.04998779296875	1731.751708984375	26.5693416595459
145	43.711936950683594	1747.5078125	26.5683536529541
146	123.4063720703125	1755.4473876953125	26.570003509521484
147	363.5595397949219	1763.2666015625	26.569393157958984
148	642.9038696289062	1763.6544189453125	26.571552276611328
149	753.937255859375	1763.9232177734375	26.56544303894043
150	459.2647399902344	1771.4991455078125	26.570167541503906
151	811.4424438476562	1771.4718017578125	26.569387435913086
152	44.13701248168945	1787.3631591796875	26.571237564086914
153	579.345947265625	1795.9488525390625	26.566890716552734
154	539.2514038085938	1827.749267578125	26.564891815185547
155	355.5421142578125	1835.2161865234375	26.5703182220459
156	124.02801513671875	1843.56298828125	26.57217025756836
157	251.5104522705078	1843.291015625	26.567991256713867
158	459.13531494140625	1843.7384033203125	26.57432746887207
159	644.2867431640625	1843.6409912109375	26.56228256225586
160	753.7390747070312	1859.0430908203125	26.566917419433594
161	51.733009338378906	1875.47021484375	26.565263748168945
162	810.4942016601562	1875.6405029296875	26.568265914916992
163	42.916778564453125	739.6450805664062	35.43113708496094
164	356.3453063964844	740.2322998046875	35.42683792114258
165	754.5786743164062	739.9208374023438	35.42402648925781
166	123.35115051269531	746.890869140625	35.439823150634766
167	251.93414306640625	747.4313354492188	35.42760467529297
168	291.5062255859375	747.6700439453125	35.419010162353516
169	579.3345336914062	747.4826049804688	35.43903350830078
170	644.485107421875	763.5450439453125	35.42539596557617
171	755.3281860351562	771.5496215820312	35.42426681518555
172	812.0004272460938	771.9938354492188	35.429283142089844
173	867.42626953125	779.3695068359375	35.43267822265625
174	531.22021484375	787.3096923828125	35.41939926147461
175	123.41604614257812	803.9232177734375	35.440032958984375
176	458.2135314941406	803.3688354492188	35.42055130004883
177	43.31468963623047	811.1573486328125	35.43094253540039
178	244.1015167236328	811.4956665039062	35.42392349243164
179	363.62103271484375	811.03857421875	35.42132568359375
180	283.5433349609375	819.220703125	35.4145622253418
181	659.6827392578125	819.2714233398438	35.4209098815918
182	754.9089965820312	819.2470092773438	35.42284393310547
183	580.69921875	827.2352905273438	35.431663513183594
184	811.1013793945312	851.943115234375	35.42961883544922
185	138.54307556152344	868.0604858398438	35.434749603271484
186	251.32066345214844	875.3853759765625	35.435569763183594
187	307.4800720214844	875.147216796875	35.421348571777344
188	652.3125	875.6491088867188	35.424278259277344
189	531.5946655273438	883.13232421875	35.422950744628906
190	754.2866821289062	891.5676879882812	35.421180725097656
191	35.681190490722656	899.2570190429688	35.42039489746094
192	459.10479736328125	899.0498657226562	35.42749786376953
193	392.6417541503906	931.591064453125	35.265281677246094
194	43.615379333496094	947.41162109375	35.421897888183594
195	115.99140167236328	947.4114379882812	35.438533782958984
196	539.4456787109375	947.7330932617188	35.422725677490234
197	643.2564697265625	947.3577270507812	35.422462463378906
198	810.7646484375	947.6885986328125	35.436973571777344
199	867.5065307617188	947.5336303710938	35.42742156982422
200	578.698486328125	955.4684448242188	35.431976318359375
201	754.3780517578125	963.3488159179688	35.424583435058594
202	251.8200225830078	979.4677124023438	35.431758880615234
203	451.80743408203125	979.3094482421875	35.430206298828125
204	139.867431640625	987.385009765625	35.43194580078125
205	355.9022216796875	987.480712890625	35.42683792114258
206	355.3706970214844	1003.4003295898438	35.42741394042969
207	43.25422668457031	1027.5142822265625	35.42757797241211
208	411.5830383300781	1027.73095703125	35.42002868652344
209	754.055419921875	1027.8428955078125	35.42813491821289
210	580.3838500976562	1035.3056640625	35.4296875
211	811.06201171875	1035.636474609375	35.428470611572266
212	251.67501831054688	1043.91455078125	35.4322624206543
213	371.4637451171875	1051.916748046875	35.432594299316406
214	459.7141418457031	1051.3079833984375	35.424949645996094
215	123.25680541992188	1059.527099609375	35.431732177734375
216	35.542930603027344	1067.857177734375	35.42754364013672
217	531.6195068359375	1067.147705078125	35.41383743286133
218	659.671630859375	1066.91064453125	35.42998123168945
219	754.6322631835938	1067.44482421875	35.42616271972656
220	586.7114868164062	1083.515625	35.42422103881836
221	580.2474365234375	1099.477783203125	35.420509338378906
222	43.435970306396484	1115.6104736328125	35.42763900756836
223	283.5027160644531	1115.5184326171875	35.42431640625
224	363.73858642578125	1115.3404541015625	35.43064880371094
225	443.50982666015625	1115.287841796875	35.42685317993164
226	803.7991943359375	1115.327880859375	35.429195404052734
227	123.57736206054688	1147.3460693359375	35.43516540527344
228	459.41748046875	1147.3426513671875	35.413516998291016
229	651.9815673828125	1155.298095703125	35.41642379760742
230	867.8146362304688	1155.315673828125	35.43350601196289
231	585.9564819335938	1163.4825439453125	35.44761276245117
232	362.8719482421875	1171.6129150390625	35.41416931152344
233	803.8273315429688	1171.57666015625	35.43618392944336
234	35.78670120239258	1187.7803955078125	35.418060302734375
235	756.1005859375	1187.64990234375	35.424415588378906
236	267.69354248046875	1203.5067138671875	35.41981506347656
237	282.97900390625	1203.122802734375	35.41327667236328
238	99.62560272216797	1211.7525634765625	35.431880950927734
239	139.51480102539062	1211.609130859375	35.43442153930664
240	210.88427734375	1218.0233154296875	35.492156982421875
241	364.2155456542969	1251.3388671875	35.449466705322266
242	443.3787841796875	1252.555419921875	35.45906066894531
243	83.8850326538086	1259.783935546875	35.42803192138672
244	139.60739135742188	1275.531494140625	35.431678771972656
245	259.5280456542969	1275.308349609375	35.41981506347656
246	579.8820190429688	1276.197509765625	35.4437255859375
247	755.4628295898438	1283.8702392578125	35.42500686645508
248	811.3309936523438	1283.119140625	35.43109893798828
249	851.5264892578125	1283.492919921875	35.42763900756836
250	363.8233337402344	1299.3060302734375	35.439552307128906
251	42.89976501464844	1315.08154296875	35.424530029296875
252	83.8427734375	1315.095703125	35.429073333740234
253	243.8634490966797	1339.286865234375	35.41688537597656
254	867.400146484375	1339.5726318359375	35.431522369384766
255	578.9923095703125	1362.7615966796875	35.428443908691406
256	758.3807983398438	1371.2388916015625	35.43244552612305
257	139.78948974609375	1379.082275390625	35.432254791259766
258	531.1122436523438	1395.3056640625	35.41776657104492
259	244.31021118164062	1403.6353759765625	35.41657257080078
260	571.4131469726562	1403.496337890625	35.358863830566406
261	667.024658203125	1403.3758544921875	35.42384338378906
262	43.411033630371094	1411.6732177734375	35.428131103515625
263	811.5126953125	1435.3682861328125	35.436546325683594
264	138.75205993652344	1443.616943359375	35.43251419067383
265	755.0633544921875	1443.5250244140625	35.42607116699219
266	458.9275207519531	1459.0670166015625	35.4609375
267	586.7982177734375	1459.6258544921875	35.423675537109375
268	659.2001342773438	1459.6036376953125	35.42386245727539
269	51.05564498901367	1475.58935546875	35.4298095703125
270	259.08367919921875	1483.438720703125	35.43143081665039
271	810.8907470703125	1499.6451416015625	35.431217193603516
272	363.6344909667969	1508.074462890625	35.413475036621094
273	203.8070831298828	1515.5003662109375	35.421661376953125
274	251.56430053710938	1523.527099609375	35.432090759277344
275	579.5845336914062	1530.9342041015625	35.43523025512695
276	753.4357299804688	1531.8248291015625	35.424198150634766
277	859.3388061523438	1531.6768798828125	35.42893600463867
278	51.07292938232422	1539.53662109375	35.42306900024414
279	123.67829132080078	1539.8134765625	35.42990493774414
280	443.7433776855469	1539.7275390625	35.428672790527344
281	659.7374877929688	1539.007080078125	35.428802490234375
282	363.3779602050781	1555.412841796875	35.423614501953125
283	860.3256225585938	1579.7059326171875	35.42885971069336
284	651.9060668945312	1587.4962158203125	35.426273345947266
285	251.493408203125	1595.4761962890625	35.425357818603516
286	531.6171264648438	1595.51806640625	35.423851013183594
287	42.73377227783203	1603.91552734375	35.419551849365234
288	355.5768127441406	1611.6243896484375	35.425811767578125
289	580.10986328125	1611.5054931640625	35.43812561035156
290	124.01760864257812	1619.2698974609375	35.4348258972168
291	451.8221435546875	1619.7249755859375	35.429901123046875
292	523.5322875976562	1627.451171875	35.42732620239258
293	754.0137939453125	1627.3607177734375	35.43160629272461
294	810.7505493164062	1627.50244140625	35.427677154541016
295	867.4301147460938	1635.871337890625	35.42958068847656
296	651.4489135742188	1651.7952880859375	35.42515182495117
297	363.8045349121094	1659.411865234375	35.43624496459961
298	36.25169372558594	1683.3861083984375	35.428741455078125
299	267.1143493652344	1683.4893798828125	35.42219924926758
300	452.18658447265625	1683.651123046875	35.43759536743164
301	531.9430541992188	1699.4454345703125	35.42084503173828
302	753.896728515625	1699.6927490234375	35.42264175415039
303	580.4483032226562	1707.445556640625	35.43806457519531
304	803.8823852539062	1709.077880859375	35.333648681640625
305	252.1494903564453	1739.729248046875	35.4299201965332
306	44.128761291503906	1747.50244140625	35.42615509033203
307	123.81060791015625	1755.6270751953125	35.444129943847656
308	364.2670593261719	1763.52099609375	35.42955780029297
309	644.3782958984375	1763.112548828125	35.4268684387207
310	754.6922607421875	1763.6395263671875	35.42755126953125
311	513.438232421875	1784.078857421875	35.41832733154297
312	580.8495483398438	1795.5260009765625	35.43167495727539
313	355.9164123535156	1803.548583984375	35.42032241821289
314	859.5977783203125	1803.572021484375	35.42813491821289
315	803.4083862304688	1827.3565673828125	35.431156158447266
316	251.69078063964844	1835.9068603515625	35.43113327026367
317	131.30181884765625	1843.664306640625	35.43439483642578
318	355.69940185546875	1843.554931640625	35.422698974609375
319	411.4863586425781	1843.82080078125	35.426273345947266
320	459.6272277832031	1843.886962890625	35.42470169067383
321	651.149658203125	1843.2393798828125	35.423667907714844
322	51.08251953125	1859.316162109375	35.42858123779297
323	753.830322265625	1867.374267578125	35.42842483520508
324	810.5171508789062	1875.547119140625	35.43210983276367
325	645.7941284179688	1284.5584716796875	35.516971588134766
326	423.5812072753906	1380.8673095703125	37.05805206298828
327	631.7466430664062	1298.3623046875	39.41392135620117
328	483.697998046875	1253.8990478515625	41.37338638305664
329	630.8380126953125	1299.5064697265625	41.14383316040039
330	570.6779174804688	1370.3543701171875	43.2404899597168
331	645.7186279296875	1219.0950927734375	44.100318908691406
332	360.8860778808594	1280.4613037109375	43.875118255615234
333	331.556396484375	1344.329833984375	44.9704704284668
334	331.3808898925781	1457.3555908203125	44.9102897644043
335	721.5914306640625	1052.1717529296875	45.7132453918457
336	549.3671875	1091.8116455078125	51.9796257019043
337	411.66766357421875	1223.404541015625	54.206626892089844
338	440.831787109375	1367.1793212890625	54.304080963134766
339	679.5118408203125	1111.4385986328125	56.10453796386719
340	598.3173828125	1304.7529296875	55.778995513916016
341	567.3510131835938	1200.994384765625	61.50682830810547
