id	x	y	z
0	154.29769897460938	1434.4183349609375	14.21060848236084
1	726.9629516601562	1877.8565673828125	22.680870056152344
2	655.3709716796875	1669.4769287109375	25.78501319885254
3	772.7932739257812	1681.28564453125	30.991159439086914
4	807.2606201171875	1871.9697265625	32.03717803955078
5	362.8139953613281	896.776123046875	32.775691986083984
6	433.9679260253906	1335.6575927734375	32.850196838378906
7	397.7167053222656	1274.34326171875	34.05727005004883
8	478.48419189453125	1330.221435546875	33.92875289916992
9	358.7887878417969	1364.8599853515625	33.65340805053711
10	430.4593200683594	1374.7403564453125	34.467063903808594
11	485.2402038574219	1746.8502197265625	34.430599212646484
12	457.0250549316406	1224.407470703125	35.07978439331055
13	493.516845703125	1247.5631103515625	34.946449279785156
14	471.68206787109375	1267.6868896484375	35.01930236816406
15	366.14068603515625	1287.4332275390625	34.50653839111328
16	533.9979248046875	1217.839599609375	35.96125793457031
17	360.6121520996094	1410.0308837890625	36.002899169921875
18	395.2664489746094	1225.7965087890625	37.457664489746094
19	396.08154296875	1320.40380859375	37.41715621948242
20	538.7720336914062	1324.041748046875	36.758056640625
21	521.41943359375	1333.8931884765625	36.605224609375
22	583.50927734375	1186.7159423828125	37.797447204589844
23	373.9944152832031	1197.375732421875	38.15821838378906
24	288.9386901855469	1272.891845703125	37.668190002441406
25	427.2571716308594	1292.053466796875	37.853485107421875
26	261.86517333984375	1338.2548828125	37.850555419921875
27	302.5694580078125	1355.6815185546875	37.920623779296875
28	445.4417419433594	1416.518310546875	37.703041076660156
29	473.8130187988281	1117.0887451171875	39.4360466003418
30	514.9407958984375	1131.079833984375	38.98015594482422
31	394.1688232421875	1164.6781005859375	39.29651641845703
32	613.212646484375	1162.7340087890625	39.003211975097656
33	563.955810546875	1205.7589111328125	39.43844985961914
34	310.78668212890625	1221.785400390625	38.872867584228516
35	438.5378112792969	1219.5631103515625	39.27352523803711
36	563.4933471679688	1275.3111572265625	38.91163635253906
37	314.3540344238281	1305.98486328125	38.776222229003906
38	569.4727783203125	1111.9736328125	39.64397430419922
39	551.0614013671875	1143.365478515625	41.0535888671875
40	450.4382019042969	1164.068359375	40.42042922973633
41	631.44189453125	1232.574951171875	40.33274459838867
42	256.7384033203125	1263.5147705078125	39.812381744384766
43	340.540283203125	1269.84521484375	39.645973205566406
44	532.6378784179688	1355.3824462890625	40.506988525390625
45	407.2533264160156	1372.3353271484375	39.74327087402344
46	525.3502197265625	1094.666259765625	40.864112854003906
47	626.9188842773438	1122.6939697265625	41.206687927246094
48	501.33026123046875	1173.5028076171875	40.53519058227539
49	376.80029296875	1237.029541015625	41.5059700012207
50	620.5692749023438	1266.0906982421875	40.59926223754883
51	553.1385498046875	1333.98486328125	41.38481140136719
52	409.2728576660156	1442.785888671875	40.67578887939453
53	562.8740234375	1072.3385009765625	41.918922424316406
54	595.5357666015625	1083.1251220703125	42.063568115234375
55	664.2394409179688	1103.6094970703125	42.158287048339844
56	416.36614990234375	1133.2056884765625	41.49900817871094
57	404.4083251953125	1181.31201171875	42.427345275878906
58	317.6084899902344	1193.45458984375	42.21916961669922
59	590.2975463867188	1293.600341796875	41.91675567626953
60	426.3243713378906	1121.0255126953125	42.53799057006836
61	503.18109130859375	1118.982666015625	43.08855056762695
62	604.80126953125	1175.822998046875	42.894004821777344
63	286.8203430175781	1367.1683349609375	42.69198226928711
64	474.5569763183594	1411.0714111328125	42.730628967285156
65	388.0773620605469	1438.4892578125	42.51076889038086
66	614.1672973632812	1015.5971069335938	44.34257888793945
67	664.22216796875	1042.77392578125	44.37495803833008
68	499.1690673828125	1057.298095703125	44.336002349853516
69	644.9620971679688	1084.003173828125	43.759300231933594
70	683.5	1131.5	44.0
71	685.3612060546875	1181.146240234375	44.2563362121582
72	312.07965087890625	1287.273193359375	44.13344955444336
73	252.8438720703125	1308.10302734375	43.55509567260742
74	332.7820129394531	1419.298583984375	44.04861831665039
75	446.3318786621094	1078.17041015625	44.911319732666016
76	355.0325927734375	1144.8388671875	45.498443603515625
77	337.8001708984375	1162.932373046875	44.940242767333984
78	444.157958984375	1232.8131103515625	45.09837341308594
79	405.2262878417969	1285.594482421875	45.07542419433594
80	346.6031799316406	1339.526611328125	44.844329833984375
81	573.3228149414062	1008.0026245117188	45.566856384277344
82	566.309326171875	1151.511474609375	46.219940185546875
83	280.6550598144531	1240.290771484375	46.02582931518555
84	586.2858276367188	1319.1336669921875	46.47328186035156
85	408.0390625	1363.556884765625	45.74458312988281
86	612.1397094726562	1018.6543579101562	46.860321044921875
87	651.2666625976562	1020.286865234375	47.19889831542969
88	547.7653198242188	1071.8294677734375	47.18716812133789
89	674.2954711914062	1080.2091064453125	46.538108825683594
90	641.1014404296875	1156.38916015625	47.121498107910156
91	706.8618774414062	1172.593017578125	46.81299591064453
92	574.9152221679688	1258.0313720703125	47.03558349609375
93	269.15704345703125	1282.250732421875	47.5653190612793
94	649.8636474609375	1282.775634765625	46.79452896118164
95	456.9046630859375	1292.5728759765625	46.99509048461914
96	531.0628051757812	1300.7537841796875	47.113346099853516
97	613.291748046875	1304.8408203125	47.487579345703125
98	282.8728942871094	1334.48828125	47.1844367980957
99	491.5914611816406	1039.5098876953125	47.77177047729492
100	396.67498779296875	1114.8087158203125	48.1204719543457
101	683.1046752929688	1213.5135498046875	47.97011947631836
102	504.13934326171875	1251.8673095703125	47.68082809448242
103	545.8031005859375	1340.4195556640625	47.995628356933594
104	472.9573669433594	1397.5924072265625	48.026756286621094
105	437.1360778808594	1420.380126953125	47.64666748046875
106	529.2442016601562	999.9830322265625	49.12389373779297
107	556.2360229492188	1029.2144775390625	48.584564208984375
108	463.5688781738281	1149.5364990234375	49.31245803833008
109	451.4364013671875	1153.640625	48.68199157714844
110	378.28839111328125	1225.2401123046875	48.97460174560547
111	518.9703369140625	1371.6456298828125	49.30058288574219
112	295.59234619140625	1383.22412109375	48.92632293701172
113	698.873046875	1057.58642578125	50.14738082885742
114	520.2279663085938	1080.8131103515625	50.32704544067383
115	618.3230590820312	1083.6322021484375	50.05306625366211
116	579.8500366210938	1094.732421875	50.02545166015625
117	705.3790283203125	1103.2962646484375	49.78968811035156
118	638.5928344726562	1206.8857421875	49.232540130615234
119	363.6776123046875	1301.492431640625	49.6876335144043
120	432.2720031738281	1335.6610107421875	50.258060455322266
121	381.0686340332031	1417.86376953125	49.8070068359375
122	587.7622680664062	1009.9235229492188	51.18218231201172
123	424.53936767578125	1087.55908203125	50.71300506591797
124	536.7333374023438	1124.55615234375	50.601890563964844
125	445.0821838378906	1155.70556640625	50.512882232666016
126	340.2967834472656	1181.020263671875	50.77140426635742
127	545.28857421875	1186.42919921875	51.16777038574219
128	477.8143310546875	1195.9739990234375	51.22555923461914
129	316.91326904296875	1241.4013671875	51.08991241455078
130	429.99383544921875	1242.7589111328125	50.883056640625
131	288.560546875	1281.79052734375	50.27993392944336
132	362.292724609375	1162.3311767578125	52.20209884643555
133	521.390380859375	1267.6175537109375	52.46891784667969
134	416.28741455078125	1284.3065185546875	51.543540954589844
135	317.34686279296875	1306.4945068359375	52.17204666137695
136	489.646728515625	1314.23291015625	51.7393913269043
137	555.6671752929688	1328.861083984375	52.095035552978516
138	334.74285888671875	1377.356689453125	51.48984909057617
139	405.4664001464844	1403.4599609375	52.057701110839844
140	563.0443115234375	1058.3221435546875	52.8431396484375
141	460.0245056152344	1070.5714111328125	52.854248046875
142	440.9476318359375	1110.1568603515625	52.53191375732422
143	691.8766479492188	1132.8486328125	53.01388931274414
144	493.2485046386719	1155.4605712890625	53.4107666015625
145	589.3170776367188	1193.040283203125	53.205284118652344
146	401.0445861816406	1208.1839599609375	53.06257629394531
147	343.8670959472656	1219.9505615234375	52.9948616027832
148	649.211669921875	1258.681396484375	52.85200500488281
149	339.2268981933594	1270.134521484375	53.33378982543945
150	473.8231506347656	1385.67236328125	52.83216857910156
151	790.3387451171875	1518.1427001953125	52.73133850097656
152	328.4025573730469	1724.5133056640625	53.06288146972656
153	550.5596923828125	1002.5570068359375	54.0444221496582
154	507.5006408691406	1019.48779296875	54.31136703491211
155	596.5132446289062	1146.59716796875	53.74568176269531
156	684.4689331054688	1150.3458251953125	54.51259994506836
157	464.68499755859375	1264.8970947265625	53.828330993652344
158	524.0458984375	1355.777099609375	53.9946174621582
159	698.4484252929688	1092.299072265625	55.171051025390625
160	400.92791748046875	1146.6009521484375	54.85887145996094
161	591.6394653320312	1299.3870849609375	54.72713851928711
162	372.9549560546875	1341.543212890625	55.154232025146484
163	535.492431640625	1018.3563842773438	56.36823654174805
164	690.2380981445312	1059.2322998046875	56.133968353271484
165	458.9613037109375	1135.0931396484375	56.25172805786133
166	379.45458984375	1200.965576171875	56.053218841552734
167	514.1304321289062	1204.0234375	56.12862777709961
168	364.7332458496094	1305.993408203125	56.120201110839844
169	435.0969543457031	1355.015380859375	56.21013259887695
170	655.5968017578125	1193.7508544921875	56.880062103271484
171	387.4215393066406	1240.445556640625	56.548343658447266
172	617.6957397460938	1253.4488525390625	57.18416213989258
173	479.6808166503906	1333.1090087890625	57.4172248840332
174	524.6873168945312	1033.997314453125	58.34853744506836
175	641.8118896484375	1034.9942626953125	57.65702819824219
176	484.163330078125	1077.2850341796875	58.21184158325195
177	427.4454650878906	1137.533935546875	58.14211654663086
178	444.57501220703125	1178.68359375	57.61579513549805
179	428.9248046875	1222.44921875	57.567073822021484
180	422.8180236816406	1259.1859130859375	58.02342224121094
181	460.2159729003906	1299.208740234375	58.46930694580078
182	416.69036865234375	1306.274658203125	57.73026657104492
183	538.0582885742188	1320.10400390625	58.066566467285156
184	642.4960327148438	1074.3084716796875	59.4443359375
185	521.1161499023438	1089.8843994140625	59.05818557739258
186	455.0207214355469	1100.4248046875	58.90980529785156
187	654.5287475585938	1127.7933349609375	58.604270935058594
188	541.3826904296875	1137.3321533203125	59.47614669799805
189	567.3446044921875	1097.4556884765625	59.9119758605957
190	485.8704833984375	1155.986328125	60.02512741088867
191	473.1376037597656	1252.8238525390625	60.388648986816406
192	511.7345275878906	1276.5380859375	59.67451095581055
193	568.0453491210938	1272.1119384765625	59.55174255371094
194	614.4688110351562	1108.7049560546875	60.537200927734375
195	486.3072204589844	1120.8729248046875	61.454654693603516
196	598.088623046875	1174.51318359375	60.61829376220703
197	457.4659118652344	1199.027099609375	60.61803436279297
198	577.7522583007812	1216.1588134765625	61.5339469909668
199	523.0692138671875	1238.0538330078125	60.64519500732422
200	513.5288391113281	1111.5665283203125	61.70726013183594
201	506.83953857421875	1163.5545654296875	62.27569580078125
