id	corresponding_timepoint_id	corresponding_viewsetup_id	corresponding_label	corresponding_id
51	810	2	all	48
62	810	2	all	61
18	810	2	all	19
12	810	2	all	11
59	810	2	all	57
41	810	2	all	44
21	810	2	all	22
72	810	2	all	73
70	810	2	all	71
24	810	2	all	18
4	810	2	all	4
1	810	2	all	1
65	810	2	all	66
45	810	2	all	43
47	810	2	all	42
20	810	1	all	64
25	810	2	all	24
66	810	2	all	67
37	810	2	all	34
23	810	2	all	23
60	810	2	all	60
54	810	2	all	53
19	810	2	all	20
7	810	2	all	7
48	810	2	all	46
39	810	2	all	37
15	810	2	all	14
53	810	2	all	52
22	810	2	all	17
3	810	2	all	3
68	810	2	all	70
34	810	2	all	32
76	810	2	all	78
40	810	2	all	38
71	810	2	all	72
2	810	2	all	2
50	810	2	all	47
26	810	2	all	25
74	810	2	all	77
11	810	2	all	10
13	810	2	all	12
46	810	2	all	50
52	810	2	all	49
16	810	2	all	15
51	811	2	all	50
62	811	2	all	61
18	811	2	all	21
12	811	2	all	11
59	811	2	all	60
41	811	2	all	45
21	811	2	all	23
72	811	2	all	69
70	811	2	all	70
31	811	2	all	31
24	811	2	all	20
4	811	2	all	4
44	811	2	all	47
1	811	2	all	1
65	811	2	all	64
45	811	2	all	44
47	811	2	all	43
20	811	1	all	64
25	811	2	all	25
66	811	2	all	65
14	811	2	all	13
37	811	2	all	36
23	811	2	all	24
60	811	2	all	58
54	811	2	all	53
19	811	1	all	79
33	811	2	all	33
7	811	2	all	7
48	811	2	all	48
39	811	2	all	39
15	811	2	all	14
53	811	2	all	52
22	811	2	all	19
3	811	2	all	3
68	811	2	all	68
32	811	2	all	32
34	811	2	all	34
76	811	2	all	75
40	811	2	all	40
71	811	2	all	71
38	811	2	all	37
2	811	2	all	2
50	811	2	all	49
26	811	2	all	26
74	811	2	all	73
13	811	2	all	12
52	811	2	all	51
16	811	2	all	15
51	808	1	all	49
62	808	2	all	60
18	808	2	all	17
12	808	1	all	25
59	808	2	all	56
21	808	2	all	20
72	808	2	all	71
70	808	1	all	76
24	808	2	all	22
1	808	2	all	1
65	808	2	all	64
47	808	2	all	39
20	808	1	all	66
25	808	2	all	27
66	808	2	all	65
42	808	2	all	37
55	808	2	all	52
23	808	2	all	21
10	808	2	all	7
60	808	2	all	58
19	808	1	all	81
48	808	2	all	43
39	808	2	all	34
53	808	2	all	48
22	808	2	all	16
3	808	2	all	4
68	808	2	all	68
36	808	2	all	30
17	808	2	all	15
76	808	2	all	75
40	808	2	all	35
71	808	2	all	70
2	808	2	all	2
74	808	2	all	74
13	808	2	all	9
52	808	2	all	46
16	808	2	all	13
51	807	1	all	49
62	807	2	all	63
12	807	1	all	27
59	807	2	all	59
72	807	1	all	56
70	807	1	all	78
24	807	2	all	20
1	807	2	all	1
65	807	2	all	66
47	807	2	all	45
25	807	2	all	28
66	807	2	all	67
37	807	2	all	34
23	807	2	all	23
10	807	2	all	9
60	807	2	all	61
19	807	1	all	83
48	807	2	all	46
39	807	2	all	38
15	807	2	all	8
53	807	2	all	51
22	807	2	all	19
3	807	2	all	5
68	807	2	all	70
17	807	2	all	16
76	807	2	all	77
40	807	2	all	39
71	807	2	all	73
2	807	2	all	2
50	807	1	all	5
26	807	2	all	24
74	807	2	all	76
13	807	2	all	11
52	807	2	all	49
16	807	2	all	14
62	809	2	all	61
18	809	2	all	20
12	809	1	all	25
59	809	2	all	58
41	809	2	all	44
49	809	2	all	43
21	809	2	all	23
72	809	1	all	58
70	809	2	all	72
24	809	2	all	25
1	809	2	all	1
65	809	2	all	67
47	809	2	all	42
20	809	1	all	70
25	809	2	all	29
66	809	2	all	68
27	809	0	all	40
23	809	2	all	24
60	809	2	all	60
19	809	2	all	21
7	809	2	all	6
48	809	2	all	47
39	809	2	all	38
15	809	2	all	14
53	809	2	all	53
22	809	2	all	19
3	809	2	all	3
68	809	2	all	71
8	809	2	all	7
30	809	2	all	31
17	809	2	all	17
76	809	2	all	78
40	809	2	all	39
71	809	2	all	73
2	809	2	all	2
26	809	2	all	30
74	809	2	all	77
13	809	2	all	12
52	809	2	all	51
16	809	2	all	16
30	813	2	all	28
10	813	2	all	10
21	813	2	all	22
40	813	2	all	39
42	813	0	all	64
35	813	2	all	34
3	813	2	all	3
68	813	2	all	68
23	813	0	all	66
53	813	2	all	51
16	813	2	all	15
72	813	1	all	52
2	813	2	all	2
70	813	2	all	70
69	813	2	all	69
43	813	2	all	42
25	813	2	all	25
20	813	1	all	60
4	813	2	all	4
17	813	2	all	16
8	813	2	all	7
48	813	2	all	45
56	813	2	all	55
14	813	2	all	14
33	813	2	all	31
31	813	2	all	29
74	813	2	all	73
44	813	2	all	44
76	813	2	all	75
55	813	2	all	54
71	813	2	all	71
46	813	2	all	43
24	813	2	all	19
45	813	2	all	46
66	813	2	all	66
59	813	2	all	56
37	813	2	all	35
18	813	2	all	20
1	813	2	all	1
38	813	2	all	36
54	813	2	all	52
62	813	2	all	61
41	813	2	all	40
60	813	2	all	59
65	813	2	all	65
39	813	2	all	37
50	813	2	all	48
24	817	2	all	24
25	817	2	all	25
40	817	2	all	40
1	817	2	all	1
43	817	2	all	42
68	817	2	all	66
21	817	2	all	22
42	817	0	all	57
20	817	1	all	64
56	817	2	all	55
16	817	2	all	16
35	817	2	all	32
60	817	2	all	61
10	817	2	all	10
53	817	2	all	51
48	817	2	all	45
72	817	2	all	73
32	817	2	all	29
2	817	2	all	2
3	817	2	all	3
47	817	2	all	44
34	817	0	all	33
65	817	2	all	68
74	817	2	all	75
62	817	2	all	64
66	817	2	all	69
76	817	2	all	78
41	817	2	all	41
27	817	2	all	26
55	817	0	all	9
70	817	2	all	74
69	817	2	all	71
17	817	2	all	18
39	817	2	all	36
45	817	2	all	46
46	817	2	all	43
14	817	2	all	11
72	815	1	all	55
30	815	2	all	30
24	815	2	all	23
32	815	2	all	34
2	815	2	all	2
34	815	2	all	32
1	815	2	all	1
42	815	0	all	58
4	815	2	all	4
65	815	2	all	66
60	815	2	all	62
25	815	2	all	27
21	815	2	all	21
13	815	2	all	11
55	815	2	all	58
18	815	0	all	39
27	815	2	all	29
47	815	2	all	46
17	815	2	all	16
45	815	2	all	48
51	815	2	all	50
56	815	2	all	57
69	815	2	all	70
31	815	2	all	33
46	815	2	all	45
3	815	2	all	3
59	815	2	all	59
74	815	2	all	75
66	815	2	all	67
41	815	2	all	43
14	815	2	all	12
39	815	2	all	39
70	815	2	all	72
50	815	2	all	49
20	815	1	all	64
53	815	2	all	51
43	815	0	all	22
38	815	0	all	42
35	815	1	all	6
48	815	2	all	47
26	815	2	all	28
16	815	2	all	15
40	815	2	all	41
76	815	2	all	77
16	816	2	all	17
72	816	2	all	75
20	816	1	all	62
66	816	2	all	71
4	816	2	all	4
12	816	1	all	22
24	816	2	all	24
48	816	2	all	48
19	816	1	all	76
56	816	2	all	59
52	816	2	all	56
35	816	1	all	6
45	816	2	all	49
14	816	2	all	13
74	816	2	all	77
18	816	2	all	22
70	816	2	all	76
59	816	2	all	61
76	816	2	all	80
17	816	2	all	19
51	816	2	all	52
2	816	2	all	2
46	816	2	all	45
41	816	2	all	43
39	816	2	all	38
55	816	0	all	10
65	816	2	all	70
47	816	2	all	46
42	816	2	all	41
53	816	2	all	54
69	816	2	all	73
31	816	2	all	33
3	816	2	all	3
60	816	2	all	64
1	816	2	all	1
34	816	0	all	31
30	816	2	all	31
23	816	2	all	23
40	816	2	all	42
59	814	2	all	60
62	814	2	all	64
20	814	1	all	60
39	814	2	all	39
10	814	0	all	58
30	814	2	all	31
60	814	2	all	63
18	814	2	all	20
25	814	2	all	28
65	814	2	all	69
53	814	2	all	51
46	814	2	all	45
23	814	2	all	24
76	814	2	all	79
12	814	2	all	11
8	814	2	all	7
38	814	2	all	38
32	814	2	all	34
54	814	2	all	55
45	814	2	all	48
27	814	2	all	30
74	814	2	all	77
17	814	2	all	18
47	814	2	all	46
37	814	2	all	36
14	814	2	all	13
72	814	1	all	52
31	814	2	all	32
52	814	2	all	54
24	814	2	all	23
13	814	2	all	12
50	814	2	all	49
42	814	2	all	41
21	814	2	all	22
34	814	2	all	33
11	814	2	all	14
43	814	2	all	44
15	814	2	all	9
41	814	2	all	43
48	814	2	all	47
4	814	2	all	4
66	814	2	all	70
51	814	2	all	50
1	814	2	all	1
3	814	2	all	3
2	814	2	all	2
40	814	2	all	42
69	814	2	all	73
16	814	2	all	17
70	814	2	all	74
55	814	2	all	58
