id	x	y	z
0	164.7487335205078	1614.2850341796875	10.059901237487793
1	659.6423950195312	1845.8531494140625	21.068777084350586
2	329.7415771484375	1505.3358154296875	37.465850830078125
3	362.1485900878906	1449.2100830078125	39.3737678527832
4	528.5812377929688	1570.9224853515625	38.828277587890625
5	706.8081665039062	1196.28125	40.34440231323242
6	551.4369506835938	1350.28076171875	40.368385314941406
7	538.0909423828125	1415.1221923828125	43.938697814941406
8	543.5867309570312	1309.954345703125	46.72362518310547
