id	x	y	z
0	440.2364196777344	1290.5555419921875	6.043448448181152
1	393.51397705078125	1207.048095703125	7.448970794677734
2	444.0021667480469	1219.474609375	7.40712308883667
3	344.6402282714844	1233.718505859375	7.11741828918457
4	489.78643798828125	1258.7938232421875	7.340693473815918
5	404.7909851074219	1332.077880859375	7.147516250610352
6	442.3952331542969	1330.042724609375	7.7131476402282715
7	315.0439453125	1242.5911865234375	8.937902450561523
8	509.3188171386719	1313.3594970703125	9.340357780456543
9	325.7209167480469	1289.9107666015625	10.035654067993164
10	356.7251892089844	1324.077392578125	9.820354461669922
11	368.9064025878906	1184.469970703125	11.595093727111816
12	312.6927795410156	1199.6693115234375	11.391502380371094
13	495.91766357421875	1350.8543701171875	11.00874137878418
14	417.7590026855469	1367.5614013671875	11.404542922973633
15	414.1318664550781	1162.549072265625	11.684025764465332
16	374.0902404785156	1251.10546875	11.460972785949707
17	528.57080078125	1273.2237548828125	11.806788444519043
18	377.5528869628906	1127.6192626953125	13.467684745788574
19	462.206787109375	1161.9075927734375	13.149230003356934
20	332.13836669921875	1168.0079345703125	13.293041229248047
21	415.1458740234375	1286.328857421875	12.852707862854004
22	466.7358703613281	1208.9490966796875	13.873076438903809
23	378.9764099121094	1369.5389404296875	13.866344451904297
24	430.33233642578125	1110.510009765625	15.170289039611816
25	482.61865234375	1159.9833984375	14.960116386413574
26	315.5916748046875	1335.665283203125	15.41193962097168
27	470.8743896484375	1386.3101806640625	15.099654197692871
28	317.2093811035156	1141.6634521484375	16.17845344543457
29	291.93292236328125	1206.06103515625	16.279674530029297
30	349.3720397949219	1233.2489013671875	16.093643188476562
31	301.516845703125	1274.03955078125	15.935232162475586
32	421.81732177734375	1386.6385498046875	16.17068099975586
33	371.7976379394531	1094.5687255859375	17.119977951049805
34	470.2169189453125	1284.583984375	17.06078338623047
35	412.3118896484375	1321.4891357421875	17.0563907623291
36	516.5062255859375	1325.412841796875	17.200212478637695
37	454.1161804199219	1329.4444580078125	16.593812942504883
38	453.57391357421875	1105.564697265625	17.870752334594727
39	501.4381103515625	1129.9774169921875	17.857189178466797
40	422.40228271484375	1138.11328125	17.860811233520508
41	473.6679992675781	1168.20556640625	18.34318733215332
42	376.817626953125	1182.8084716796875	17.836454391479492
43	542.4437866210938	1224.80712890625	18.034467697143555
44	368.8499450683594	1289.8072509765625	18.243480682373047
45	536.1672973632812	1291.3594970703125	18.185373306274414
46	312.9199523925781	1336.351318359375	17.96392822265625
47	299.2639465332031	1676.451171875	17.503313064575195
48	431.7855224609375	1079.4705810546875	18.674663543701172
49	348.3104553222656	1202.3485107421875	20.47657012939453
50	284.9216003417969	1215.5030517578125	20.10315704345703
51	415.2510986328125	1241.683837890625	19.930055618286133
52	480.7114562988281	1250.14013671875	20.123384475708008
53	349.5617980957031	1260.4139404296875	19.80441665649414
54	492.89105224609375	1364.010009765625	20.1983585357666
55	359.4461975097656	1369.99072265625	20.153980255126953
56	373.0771789550781	1073.6163330078125	20.825454711914062
57	308.0004577636719	1110.5537109375	20.42852210998535
58	363.19232177734375	1138.2960205078125	21.129934310913086
59	431.46490478515625	1186.888427734375	21.38507080078125
60	539.0336303710938	1190.99169921875	20.50217628479004
61	484.1003112792969	1204.9847412109375	20.711410522460938
62	281.27435302734375	1248.0347900390625	21.36754608154297
63	452.0243225097656	1386.544677734375	20.636138916015625
64	552.475830078125	1696.35302734375	20.93585968017578
65	424.5318603515625	1071.3779296875	21.885549545288086
66	496.2248840332031	1065.436279296875	22.027313232421875
67	336.8086242675781	1155.1083984375	21.718904495239258
68	386.84423828125	1311.068603515625	21.9661922454834
69	453.212158203125	1314.041015625	22.049663543701172
70	290.667724609375	1293.34814453125	22.84320068359375
71	354.45745849609375	1361.510498046875	23.3082332611084
72	413.8296813964844	1372.4739990234375	23.042877197265625
73	428.06292724609375	1021.4384155273438	24.427757263183594
74	307.0630798339844	1093.5692138671875	24.41180992126465
75	281.6120910644531	1149.9124755859375	24.11815643310547
76	561.2201538085938	1228.3934326171875	24.341655731201172
77	513.1087036132812	1329.4996337890625	23.930362701416016
78	342.78826904296875	1051.926025390625	25.20301055908203
79	361.36151123046875	1125.0145263671875	25.02035140991211
80	566.6612548828125	1159.6834716796875	24.928646087646484
81	413.03057861328125	1245.2099609375	24.84801483154297
82	393.2161560058594	1283.2333984375	25.2546329498291
83	536.755615234375	1097.6119384765625	26.404312133789062
84	400.2911376953125	1110.021728515625	26.445737838745117
85	504.5304870605469	1130.39453125	25.90134048461914
86	283.72454833984375	1187.37158203125	25.900714874267578
87	362.102294921875	1240.1033935546875	26.144197463989258
88	553.4258422851562	1256.573974609375	25.928733825683594
89	467.3167419433594	1357.8941650390625	25.365188598632812
90	371.5	1011.5	27.0
91	335.3840637207031	1165.5849609375	26.60160255432129
92	428.6236267089844	1360.3294677734375	27.088279724121094
93	464.5884094238281	990.0724487304688	28.122007369995117
94	431.0638732910156	1006.360595703125	28.00204849243164
95	512.4242248535156	1009.3829956054688	28.037139892578125
96	290.80133056640625	1088.2862548828125	28.005807876586914
97	288.2339782714844	1194.634521484375	28.15775489807129
98	518.268798828125	1201.855224609375	28.320356369018555
99	523.2781982421875	1304.878662109375	28.0706729888916
100	325.7912902832031	1313.4080810546875	27.819316864013672
101	383.5030517578125	1339.5318603515625	28.282026290893555
102	370.2593994140625	1100.916015625	28.53665542602539
103	384.50830078125	1162.2188720703125	28.661888122558594
104	451.8714599609375	1172.5086669921875	29.14151954650879
105	439.9482116699219	1208.248046875	28.7418212890625
106	362.7044982910156	1228.17724609375	29.027490615844727
107	394.8564147949219	1259.8128662109375	28.628395080566406
108	375.93243408203125	1008.530517578125	29.82940101623535
109	339.81793212890625	1020.4173583984375	29.58620834350586
110	304.5124816894531	1042.3065185546875	29.775421142578125
111	415.6671447753906	1049.95166015625	29.868471145629883
112	547.6428833007812	1215.419677734375	29.603315353393555
113	302.6358337402344	1248.1910400390625	30.030954360961914
114	718.1792602539062	1619.884765625	30.2274112701416
115	500.1309814453125	973.7788696289062	31.218053817749023
116	544.3494873046875	1038.365234375	31.935930252075195
117	474.9945373535156	1053.962158203125	30.81383514404297
118	323.6969299316406	1084.39306640625	31.39554786682129
119	512.6295166015625	1092.536865234375	30.824495315551758
120	569.4607543945312	1092.9407958984375	31.000425338745117
121	492.22210693359375	1177.9942626953125	30.93926239013672
122	434.6863098144531	1321.5323486328125	31.383487701416016
123	475.746826171875	1115.1937255859375	32.261497497558594
124	569.6986694335938	1159.7342529296875	31.74844741821289
125	297.81158447265625	1209.720703125	32.03168869018555
126	411.002685546875	1227.1688232421875	31.509029388427734
127	343.42486572265625	1288.0670166015625	32.30746078491211
128	471.80438232421875	1317.618896484375	31.339096069335938
129	411.80828857421875	955.6024780273438	33.48691177368164
130	323.57574462890625	1010.671875	33.416404724121094
131	411.4044494628906	1091.5208740234375	32.8861198425293
132	357.81988525390625	1131.7117919921875	33.086769104003906
133	442.03125	1259.577392578125	33.167137145996094
134	369.6553039550781	974.316162109375	34.43361282348633
135	522.1192626953125	990.81494140625	34.223304748535156
136	502.91619873046875	1000.756103515625	33.8820915222168
137	293.0928955078125	1137.9373779296875	33.853450775146484
138	517.0930786132812	1148.0125732421875	34.289031982421875
139	366.78759765625	1162.249267578125	34.253780364990234
140	410.3766784667969	1307.614013671875	33.7159309387207
141	786.3944702148438	1826.0399169921875	34.11172103881836
142	349.11907958984375	979.6110229492188	35.21585464477539
143	448.4660339355469	1058.4149169921875	34.41584014892578
144	305.2901306152344	1079.5286865234375	34.797794342041016
145	577.1383666992188	1103.821533203125	35.36543655395508
146	417.60968017578125	1147.865234375	34.54384994506836
147	333.7593688964844	1236.4256591796875	35.28230667114258
148	511.90802001953125	1271.480224609375	34.44382858276367
149	470.1322021484375	967.5597534179688	35.7353515625
150	324.4278564453125	1038.4503173828125	35.67237091064453
151	451.6384582519531	1159.6346435546875	35.54820251464844
152	401.3667297363281	1191.55322265625	35.91893005371094
153	452.5001220703125	1208.530517578125	35.81313705444336
154	374.35955810546875	1276.7611083984375	36.11152267456055
155	420.3005065917969	1289.962646484375	36.21038055419922
156	531.5	1035.5	37.0
157	472.490478515625	1097.81005859375	37.11530685424805
158	540.6549682617188	1225.104248046875	37.5090217590332
159	459.8298034667969	1057.31591796875	38.09148406982422
160	308.8746643066406	1110.694091796875	37.96943664550781
161	332.2786560058594	1197.3955078125	37.895896911621094
162	490.4411315917969	1260.0916748046875	37.640037536621094
163	500.6625671386719	989.7467041015625	39.289039611816406
164	559.596923828125	1057.208984375	39.091678619384766
165	414.127197265625	1114.985107421875	39.10789108276367
166	381.6922302246094	1235.4632568359375	39.0812873840332
167	441.47723388671875	976.2388916015625	39.93909454345703
168	387.28253173828125	1000.4853515625	40.059383392333984
169	359.4222412109375	1165.083251953125	39.66067886352539
170	494.7547912597656	1215.3065185546875	39.96649932861328
171	368.0661926269531	1037.68505859375	41.205902099609375
172	337.7633972167969	1067.180419921875	40.87173080444336
173	565.6278076171875	1116.862548828125	41.139625549316406
174	497.8360900878906	1163.8953857421875	41.15644836425781
175	518.5619506835938	1233.4754638671875	40.610294342041016
176	506.4608154296875	1039.63916015625	41.40924835205078
177	455.8934020996094	1042.1458740234375	41.83733367919922
178	532.8309326171875	1041.1043701171875	41.735618591308594
179	394.48724365234375	1188.94580078125	42.21295166015625
180	413.8758850097656	1220.1337890625	42.19965362548828
181	733.824462890625	1630.3460693359375	42.24576950073242
182	556.6194458007812	966.2731323242188	43.098876953125
183	521.4369506835938	1179.325927734375	42.581783294677734
184	424.21533203125	1196.0240478515625	43.02018737792969
185	475.8067321777344	978.4519653320312	44.361114501953125
186	414.0658264160156	988.6246948242188	43.949867248535156
187	510.7969665527344	993.6195678710938	43.50341796875
188	392.5086669921875	1056.1142578125	44.45272445678711
189	365.79425048828125	1115.619140625	44.20823287963867
190	483.4202575683594	1195.307861328125	43.535499572753906
191	499.5	1035.5	45.0
192	394.0008544921875	1139.4224853515625	45.249568939208984
193	530.706298828125	1153.0482177734375	44.98429870605469
194	740.5198974609375	1822.3802490234375	45.19181442260742
195	452.9177551269531	989.6131591796875	46.0462760925293
196	524.4457397460938	1076.7835693359375	46.028053283691406
197	382.4070739746094	1084.6978759765625	45.942386627197266
198	411.0566101074219	1111.9986572265625	45.6131706237793
199	502.5625305175781	1115.8770751953125	46.37786102294922
200	447.9902038574219	1128.7249755859375	46.03940200805664
201	462.6475830078125	1019.7035522460938	47.03752899169922
202	422.4711608886719	1030.708251953125	46.837059020996094
203	430.0920715332031	1076.57861328125	47.14338684082031
204	481.6978759765625	1075.9813232421875	47.06544876098633
205	437.4713439941406	1152.0081787109375	46.91681671142578
206	859.0541381835938	1856.8079833984375	48.197879791259766
207	535.3129272460938	1469.2568359375	54.509552001953125
208	708.4931640625	1011.2088012695312	58.150264739990234
209	130.85385131835938	874.4199829101562	60.78191375732422
210	555.5252685546875	628.845947265625	66.36324310302734
211	443.3924255371094	152.9830322265625	72.95323944091797
