id	x	y	z
0	524.1441650390625	827.3633422851562	5.032302379608154
1	416.06036376953125	1295.50732421875	4.963034629821777
2	454.0630798339844	1246.1279296875	6.328721046447754
3	340.2192077636719	1277.9254150390625	7.286981582641602
4	466.6991882324219	1290.0364990234375	6.726271152496338
5	434.2043762207031	1352.8524169921875	7.343396186828613
6	393.93756103515625	1205.2203369140625	7.742802619934082
7	328.63238525390625	1219.923583984375	7.698951244354248
8	507.1463928222656	1321.4232177734375	8.932745933532715
9	344.9826354980469	1337.7420654296875	8.723014831542969
10	504.67608642578125	846.7960815429688	10.382925987243652
11	369.67755126953125	1270.6612548828125	9.707826614379883
12	409.4775695800781	1379.021728515625	10.286202430725098
13	390.9036560058594	1146.9713134765625	11.028304100036621
14	461.4129943847656	1169.6229248046875	10.976386070251465
15	520.5796508789062	1250.0135498046875	10.983124732971191
16	504.83258056640625	1345.2191162109375	11.105729103088379
17	430.0475769042969	1227.1351318359375	12.686351776123047
18	358.7843933105469	1248.3095703125	12.386549949645996
19	504.7462158203125	1172.1851806640625	13.7467041015625
20	443.5872802734375	1189.8341064453125	14.197977066040039
21	484.0613098144531	1250.0643310546875	13.815031051635742
22	290.8835754394531	1260.1356201171875	13.932701110839844
23	416.7959289550781	1291.8978271484375	14.12574291229248
24	510.7217102050781	1325.0372314453125	13.771604537963867
25	307.03656005859375	1328.4075927734375	13.636571884155273
26	372.91864013671875	1384.8206787109375	13.540945053100586
27	438.92364501953125	1391.693115234375	13.841452598571777
28	421.44061279296875	1113.939697265625	14.726438522338867
29	374.7309265136719	1121.7767333984375	14.792366981506348
30	315.2625427246094	1160.38671875	14.772712707519531
31	413.2809143066406	1187.525634765625	14.681329727172852
32	500.69970703125	1210.9591064453125	15.332952499389648
33	347.6567687988281	1222.024658203125	15.03028392791748
34	280.5989990234375	1219.837646484375	16.494571685791016
35	409.6585998535156	1315.79638671875	17.144981384277344
36	299.9583740234375	1676.72216796875	17.292709350585938
37	364.8263854980469	1171.1016845703125	18.02515983581543
38	354.39129638671875	1377.2193603515625	17.78421974182129
39	485.6857604980469	1379.882080078125	17.535526275634766
40	347.9305114746094	1093.6260986328125	19.280738830566406
41	539.7863159179688	1216.87646484375	18.67803192138672
42	369.5162353515625	1261.0819091796875	19.133434295654297
43	538.1080932617188	1295.5072021484375	19.309770584106445
44	307.5481262207031	1335.873046875	18.496870040893555
45	454.65032958984375	1392.6209716796875	19.220592498779297
46	443.52557373046875	1094.3148193359375	19.808847427368164
47	307.5447082519531	1121.0614013671875	20.18222999572754
48	529.56201171875	1141.15478515625	20.045894622802734
49	432.9072570800781	1189.982666015625	19.896018981933594
50	273.7941589355469	1205.5556640625	19.93121910095215
51	456.239501953125	1253.310791015625	19.479198455810547
52	416.1089172363281	1052.377197265625	21.444978713989258
53	554.0729370117188	1697.27197265625	20.74814224243164
54	511.18115234375	1051.0728759765625	22.45647621154785
55	382.9929504394531	1213.1510009765625	22.292823791503906
56	358.5653381347656	1248.6092529296875	22.19496726989746
57	280.76849365234375	1255.7354736328125	21.787185668945312
58	388.07269287109375	1292.7003173828125	21.949533462524414
59	449.66424560546875	1335.4736328125	21.920143127441406
60	379.21441650390625	1074.9609375	22.874980926513672
61	406.7452392578125	1139.7171630859375	23.052865982055664
62	419.1692199707031	1256.0843505859375	23.037763595581055
63	299.8468017578125	1302.91650390625	23.27817726135254
64	503.2939147949219	1354.384033203125	23.276948928833008
65	354.0814208984375	1369.4019775390625	22.916040420532227
66	462.7787780761719	1104.6339111328125	24.02745819091797
67	291.74798583984375	1123.357177734375	24.01734161376953
68	543.7721557617188	1183.02392578125	23.832168579101562
69	542.5966186523438	1285.0736083984375	24.108762741088867
70	475.3195495605469	1291.2115478515625	23.52424430847168
71	421.2745666503906	1373.953125	24.148548126220703
72	489.8790588378906	1068.802490234375	24.62787628173828
73	310.5072326660156	1087.5897216796875	24.79661750793457
74	506.25457763671875	1117.06689453125	25.2664852142334
75	353.6226501464844	1124.7408447265625	25.64091682434082
76	438.0234680175781	1137.892578125	24.988494873046875
77	316.705322265625	1196.155517578125	25.294620513916016
78	471.7766418457031	1000.6646728515625	26.2613525390625
79	276.4808044433594	1176.241455078125	25.89650535583496
80	392.3328552246094	1178.2950439453125	25.77492904663086
81	361.63189697265625	1219.8309326171875	25.903141021728516
82	480.1515197753906	1178.3377685546875	26.494840621948242
83	366.05621337890625	1018.50830078125	27.841575622558594
84	529.4089965820312	1026.181640625	28.43202018737793
85	389.7239685058594	1096.832275390625	28.117414474487305
86	567.5248413085938	1132.5174560546875	27.80376625061035
87	574.5757446289062	1196.80126953125	27.852981567382812
88	474.82000732421875	1218.9931640625	28.326723098754883
89	337.9173278808594	1320.331787109375	28.27399253845215
90	403.3736877441406	1227.763671875	28.717910766601562
91	526.4315795898438	1270.471923828125	29.491928100585938
92	491.8396911621094	1337.2318115234375	28.545108795166016
93	395.4447937011719	1343.328857421875	28.507104873657227
94	411.6427917480469	964.9826049804688	30.099639892578125
95	443.5626220703125	993.2257080078125	29.979156494140625
96	385.89453125	1019.2747192382812	30.37767791748047
97	311.536865234375	1038.5992431640625	29.867420196533203
98	343.9842834472656	1072.569580078125	29.51633071899414
99	500.606201171875	1108.621337890625	29.777177810668945
100	341.4168395996094	1133.8321533203125	29.85968589782715
101	296.8114929199219	1234.3194580078125	30.1094913482666
102	719.7780151367188	1620.4163818359375	30.02277946472168
103	480.99041748046875	977.0007934570312	30.81980323791504
104	467.5849304199219	1061.8614501953125	30.868562698364258
105	549.4381103515625	1066.5235595703125	30.98587417602539
106	577.4874877929688	1103.1025390625	30.63239097595215
107	562.9530639648438	1138.9410400390625	30.539274215698242
108	510.72796630859375	1168.38427734375	31.463939666748047
109	370.7215881347656	1185.2008056640625	30.560218811035156
110	300.666748046875	1192.609619140625	31.301387786865234
111	562.854248046875	1229.8653564453125	30.81233024597168
112	434.67315673828125	1340.2664794921875	30.79681968688965
113	413.37542724609375	1093.0107421875	32.245609283447266
114	389.3138732910156	1138.7159423828125	31.85709571838379
115	458.8497314453125	1139.18798828125	31.771541595458984
116	294.36859130859375	1158.5567626953125	32.284061431884766
117	351.40496826171875	1297.66845703125	32.022281646728516
118	545.243408203125	1021.55029296875	32.713191986083984
119	505.6710205078125	1202.7216796875	32.87311935424805
120	484.2478332519531	1304.3966064453125	33.358638763427734
121	293.598388671875	1113.9365234375	33.83576965332031
122	568.1713256835938	1189.1812744140625	34.1916389465332
123	455.68853759765625	1226.7442626953125	34.07442855834961
124	421.6689147949219	1315.708740234375	33.907283782958984
125	787.1478271484375	1827.1368408203125	33.90584182739258
126	331.1972961425781	1077.722412109375	35.05701446533203
127	570.984375	1108.807861328125	34.972312927246094
128	509.6549987792969	1271.2470703125	34.69366455078125
129	388.8643493652344	1287.018798828125	35.05560302734375
130	358.0521545410156	972.2021484375	35.71392822265625
131	517.1786499023438	1040.27685546875	36.488250732421875
132	584.4346923828125	1138.714111328125	36.18217468261719
133	442.3671875	962.6672973632812	36.76795959472656
134	575.6963500976562	1069.5576171875	36.89656448364258
135	503.4109802246094	1257.4300537109375	37.379547119140625
136	413.7940673828125	1273.6663818359375	37.325172424316406
137	506.15753173828125	978.7861938476562	37.84305191040039
138	367.1541442871094	1094.19287109375	37.69047546386719
139	352.6952819824219	1222.030517578125	37.803348541259766
140	416.9568786621094	982.32177734375	39.30284881591797
141	501.95440673828125	1159.2054443359375	39.430076599121094
142	345.57843017578125	1173.671630859375	38.60066604614258
143	439.571044921875	1202.0484619140625	38.75723648071289
144	530.347412109375	1233.52490234375	38.8757209777832
145	557.6735229492188	1037.4951171875	39.588382720947266
146	383.6984558105469	1183.1812744140625	40.40503692626953
147	442.9653015136719	1245.977783203125	40.04206848144531
148	461.0870666503906	966.1267700195312	40.53223419189453
149	353.9792175292969	1005.7991333007812	41.096946716308594
150	446.4302062988281	1062.6265869140625	41.3565559387207
151	477.7026062011719	1081.6251220703125	41.097747802734375
152	565.6863403320312	1137.2547607421875	40.994354248046875
153	460.2447204589844	1143.978515625	41.23527908325195
154	401.5801696777344	992.2012329101562	41.65091323852539
155	332.32464599609375	1075.5531005859375	41.81121063232422
156	734.22998046875	1631.5472412109375	42.07103729248047
157	556.9520874023438	966.7191772460938	43.23320007324219
158	502.35760498046875	1021.1629028320312	43.44105911254883
159	553.9898681640625	1095.623046875	43.42570114135742
160	503.75640869140625	1155.2677001953125	43.27484893798828
161	436.5867614746094	1201.677490234375	42.7557487487793
162	381.6669921875	1077.46044921875	43.92280578613281
163	518.6838989257812	1121.4296875	43.966182708740234
164	551.2188720703125	1149.24462890625	44.56641387939453
165	649.1047973632812	1281.082275390625	44.13151550292969
166	453.90234375	1006.5912475585938	45.03781509399414
167	382.1067810058594	1105.086669921875	45.099578857421875
168	404.4875183105469	1154.97900390625	44.91679382324219
169	427.1167297363281	1175.303955078125	44.827980041503906
170	474.3334045410156	1170.4359130859375	45.416316986083984
171	740.9232788085938	1822.838623046875	45.0196418762207
172	483.76593017578125	1093.6527099609375	45.05124282836914
173	398.31005859375	1047.3245849609375	47.213218688964844
174	488.3059997558594	1058.45947265625	47.4729118347168
175	520.5344848632812	1071.1513671875	47.25887680053711
176	427.4989013671875	1135.4969482421875	46.01704406738281
177	629.7249755859375	891.7352905273438	47.995967864990234
178	452.4709777832031	1060.007568359375	47.99214553833008
179	859.8910522460938	1857.464111328125	47.99407958984375
180	536.3543090820312	1469.86865234375	54.37264633178711
181	709.4015502929688	1011.5184936523438	57.96738052368164
182	131.7253875732422	875.0669555664062	60.627540588378906
183	556.2093505859375	629.3939819335938	66.15288543701172
184	785.6537475585938	1868.514404296875	70.03595733642578
185	443.9150085449219	153.76239013671875	72.1056900024414
