id	x	y	z
0	370.5808410644531	1328.93896484375	6.9852681159973145
1	416.9681396484375	1332.3408203125	6.932811737060547
2	393.45672607421875	1271.10009765625	7.635556697845459
3	453.160400390625	1308.00927734375	7.5640459060668945
4	334.2433776855469	1314.8355712890625	9.101725578308105
5	332.10009765625	1195.254150390625	11.407482147216797
6	426.6921691894531	1339.0257568359375	11.084762573242188
7	444.25823974609375	1164.8995361328125	11.631659507751465
8	388.8729553222656	1170.1383056640625	12.281062126159668
9	330.7649841308594	1249.3150634765625	11.493134498596191
10	318.1483459472656	1361.94287109375	12.744022369384766
11	527.39501953125	1286.2635498046875	14.291311264038086
12	312.3876037597656	1297.9732666015625	14.115038871765137
13	501.2367858886719	1348.6607666015625	14.202371597290039
14	368.6597595214844	1363.172607421875	13.607925415039062
15	455.2538146972656	1370.55322265625	13.908098220825195
16	315.5299987792969	1181.3829345703125	14.723894119262695
17	452.9858093261719	1287.4561767578125	15.332140922546387
18	357.62884521484375	1150.2940673828125	16.75038719177246
19	401.4902038574219	1322.6041259765625	17.35593032836914
20	442.2852783203125	1093.0335693359375	17.846710205078125
21	365.7900085449219	1106.8922119140625	17.865297317504883
22	305.7761535644531	1173.488037109375	18.31730079650879
23	299.8029479980469	1222.1207275390625	18.043628692626953
24	450.4649658203125	1235.51171875	17.889705657958984
25	377.784912109375	1276.7860107421875	19.45171356201172
26	342.9693603515625	1363.052001953125	18.7886905670166
27	424.5870056152344	1380.1064453125	18.530994415283203
28	498.8838195800781	1246.58984375	19.91190528869629
29	528.7979736328125	1301.96533203125	20.47559928894043
30	501.381591796875	1341.032470703125	19.840360641479492
31	349.0235290527344	1099.6175537109375	20.741294860839844
32	465.5552978515625	1379.22900390625	21.08710289001465
33	311.2513732910156	1153.6158447265625	21.794082641601562
34	448.9728088378906	1179.8057861328125	22.001256942749023
35	307.4529724121094	1297.005859375	21.717254638671875
36	383.3913879394531	1339.942138671875	22.12735366821289
37	556.8573608398438	1693.3023681640625	21.962366104125977
38	453.63934326171875	1057.926513671875	23.243755340576172
39	377.4767150878906	1065.5941162109375	23.044546127319336
40	479.3604431152344	1116.5728759765625	23.45323944091797
41	557.7306518554688	1229.11181640625	22.47355079650879
42	316.9659423828125	1247.59716796875	22.51386833190918
43	467.2323913574219	1274.17236328125	23.46469497680664
44	382.8899841308594	1143.5086669921875	23.95903968811035
45	375.890380859375	1219.84716796875	24.229740142822266
46	511.99993896484375	1302.931640625	24.304574966430664
47	414.1204833984375	1035.962890625	24.475770950317383
48	553.8358764648438	1204.67578125	24.92195701599121
49	543.2015991210938	1280.14013671875	24.904233932495117
50	414.3501892089844	1113.253662109375	25.875661849975586
51	540.0498657226562	1112.482666015625	26.3431453704834
52	288.03375244140625	1189.594970703125	26.388195037841797
53	500.5442810058594	1233.7811279296875	25.765047073364258
54	486.6265869140625	1347.2138671875	25.768970489501953
55	337.81085205078125	1057.054443359375	26.836483001708984
56	311.5634765625	1114.07568359375	26.599523544311523
57	314.43572998046875	1233.203125	27.13619041442871
58	421.12646484375	1273.7125244140625	27.069639205932617
59	385.7306823730469	1175.703125	28.302778244018555
60	338.9284973144531	1316.1600341796875	28.480878829956055
61	398.13848876953125	1332.5821533203125	28.214746475219727
62	444.439208984375	1359.1072998046875	28.00932502746582
63	421.6246643066406	987.2977905273438	29.0235595703125
64	486.18048095703125	1055.5888671875	29.465625762939453
65	439.6250305175781	1095.595947265625	29.467851638793945
66	557.987548828125	1167.4942626953125	29.3770809173584
67	431.6368408203125	1217.159912109375	28.8697452545166
68	512.4077758789062	1018.590087890625	30.41645622253418
69	437.98394775390625	1140.051513671875	29.520030975341797
70	303.316162109375	1160.3712158203125	30.376861572265625
71	498.0894470214844	1200.8507080078125	29.736021041870117
72	557.461181640625	1221.3292236328125	29.752771377563477
73	470.0892333984375	1237.755859375	30.54852294921875
74	465.2594299316406	1001.4744873046875	30.6297550201416
75	301.1512756347656	1077.15478515625	31.375967025756836
76	504.1957092285156	1113.779296875	31.075410842895508
77	564.5509033203125	1191.8282470703125	31.282155990600586
78	329.9699401855469	1227.1131591796875	31.006555557250977
79	474.9497985839844	1303.6798095703125	30.882516860961914
80	724.3043823242188	1618.2706298828125	31.271240234375
81	340.795166015625	1018.3468017578125	32.14596939086914
82	576.5585327148438	1116.7628173828125	32.48452377319336
83	519.7763671875	1271.318603515625	32.088584899902344
84	380.3058776855469	1297.830810546875	32.50338363647461
85	420.5528869628906	1331.211669921875	31.93446922302246
86	406.044677734375	1063.2073974609375	32.4754753112793
87	350.83050537109375	1070.970947265625	33.23198318481445
88	555.778076171875	1069.661865234375	32.91001892089844
89	435.6748046875	958.6488647460938	33.8325309753418
90	492.0518798828125	967.262451171875	34.35901641845703
91	375.301025390625	978.6189575195312	34.0203971862793
92	522.2564697265625	1080.24853515625	34.49597930908203
93	303.4759216308594	1121.7164306640625	33.928340911865234
94	309.14239501953125	1176.097412109375	33.751773834228516
95	484.7147521972656	1050.8482666015625	35.07956314086914
96	376.7633056640625	1138.547607421875	35.17923355102539
97	580.2565307617188	1148.2271728515625	34.84013748168945
98	790.2243041992188	1823.4288330078125	35.23430252075195
99	429.91290283203125	1174.209228515625	36.76811981201172
100	337.5296325683594	1214.5352783203125	35.963157653808594
101	385.751953125	1268.4146728515625	35.657039642333984
102	445.5113525390625	1299.6763916015625	35.77470397949219
103	401.19232177734375	949.2669067382812	37.12917709350586
104	528.2872924804688	974.6830444335938	37.00958251953125
105	439.6536560058594	1006.2301635742188	36.561309814453125
106	356.2812194824219	1019.1837768554688	37.34727096557617
107	444.7830505371094	1093.9686279296875	36.822959899902344
108	311.9420166015625	1108.052001953125	37.05105209350586
109	569.1854248046875	1186.1497802734375	36.95159149169922
110	428.718994140625	1257.00244140625	37.18592834472656
111	485.8684387207031	1261.2752685546875	36.69993591308594
112	415.6942443847656	1035.71728515625	37.53400802612305
113	567.53564453125	1041.0152587890625	38.064815521240234
114	535.48291015625	1235.2227783203125	38.26636505126953
115	413.84619140625	950.9842529296875	39.552730560302734
116	518.9853515625	1019.9855346679688	38.99700927734375
117	575.076416015625	1085.3448486328125	38.90921401977539
118	355.54376220703125	1208.1441650390625	38.965213775634766
119	479.3744812011719	967.7626953125	40.3300666809082
120	367.9906311035156	1033.596923828125	39.515262603759766
121	324.9166564941406	1147.6441650390625	39.821231842041016
122	538.87646484375	1143.955810546875	39.83265686035156
123	505.25018310546875	1190.642578125	39.696144104003906
124	541.3665771484375	968.6730346679688	41.216758728027344
125	384.4263000488281	991.7858276367188	40.73679733276367
126	324.02691650390625	1057.065673828125	40.54764938354492
127	376.2592468261719	1090.74169921875	41.079830169677734
128	426.64617919921875	1190.34765625	41.1168327331543
129	422.640625	1237.961181640625	41.076107025146484
130	366.310302734375	1164.033447265625	42.19628143310547
131	557.9216918945312	1168.5106201171875	41.90312194824219
132	341.99859619140625	1114.314453125	43.22773742675781
133	511.66839599609375	1147.2156982421875	43.357635498046875
134	420.7386779785156	1195.7220458984375	42.95868682861328
135	740.1272583007812	1628.1947021484375	43.42194747924805
136	553.6936645507812	969.9833984375	43.61318588256836
137	381.04364013671875	1046.920654296875	44.92073440551758
138	514.4824523925781	1050.11376953125	45.13423538208008
139	340.5873107910156	1059.213134765625	45.18803024291992
140	486.83721923828125	1108.038330078125	45.325477600097656
141	555.413330078125	1121.108154296875	45.00102996826172
142	478.7995910644531	1191.390625	44.471378326416016
143	454.77410888671875	984.4111328125	45.45975112915039
144	412.8034973144531	1004.4532470703125	45.78847122192383
145	521.31298828125	1067.8565673828125	45.62271499633789
146	439.9648132324219	1086.230224609375	45.896697998046875
147	449.1919860839844	1121.652099609375	46.22843551635742
148	387.5008239746094	1136.42138671875	46.100582122802734
149	744.9168090820312	1820.3067626953125	46.45411682128906
150	506.1172180175781	983.769287109375	47.247406005859375
151	465.75408935546875	1054.8616943359375	47.401634216308594
152	437.7989501953125	1165.772216796875	47.01284408569336
153	464.0999450683594	1005.4194946289062	47.76226043701172
154	390.28497314453125	1095.9329833984375	48.20829391479492
155	432.8486022949219	1043.443603515625	49.10776138305664
156	539.7422485351562	1468.04541015625	55.62334060668945
157	713.2945556640625	1008.87060546875	59.26802444458008
