id	x	y	z
0	596.9008178710938	1121.995361328125	19.92530632019043
1	587.6806030273438	1215.8658447265625	27.34329605102539
2	466.0738220214844	1329.5423583984375	28.137266159057617
3	633.14501953125	1210.52392578125	32.068275451660156
4	498.43878173828125	1387.537841796875	33.01007080078125
5	567.0082397460938	1395.8848876953125	37.36296081542969
6	420.3351745605469	1506.6673583984375	44.428321838378906
7	443.1990051269531	1306.867919921875	46.57766342163086
8	40.759971618652344	1545.52294921875	47.26899337768555
