id	x	y	z
0	381.5408935546875	1276.848876953125	17.517614364624023
1	385.7789306640625	1376.179931640625	22.627981185913086
2	533.2970581054688	1318.995361328125	25.757863998413086
3	471.12579345703125	1130.17236328125	27.392099380493164
4	315.49273681640625	1212.342041015625	34.21286392211914
5	558.6581420898438	1294.803466796875	34.3288459777832
6	422.32855224609375	1062.083251953125	45.50399398803711
7	526.1287231445312	1241.7027587890625	45.89260482788086
8	564.816162109375	1029.788330078125	47.97188949584961
