id	x	y	z
0	138.3500518798828	1662.2550048828125	0.8312687873840332
1	167.41294860839844	648.7418212890625	5.76744270324707
2	161.19140625	1442.0594482421875	14.757288932800293
3	662.6026611328125	1677.20361328125	26.563343048095703
4	782.6303100585938	1689.254638671875	31.58162498474121
5	369.4866943359375	905.5813598632812	33.33089828491211
6	493.4556579589844	1754.825927734375	35.031005859375
7	798.72705078125	1524.745849609375	53.29895782470703
8	338.3467102050781	1732.160400390625	53.53302001953125
