id	x	y	z
0	554.4964599609375	1715.972900390625	24.216793060302734
1	371.9944152832031	1368.0841064453125	24.829408645629883
2	476.52703857421875	1341.7889404296875	30.148881912231445
3	721.21435546875	1639.5889892578125	33.656463623046875
4	786.3331909179688	1845.258056640625	37.6075439453125
5	471.5200500488281	1177.364013671875	45.18588638305664
6	742.37451171875	1843.6241455078125	48.750511169433594
7	536.1871948242188	1489.7318115234375	57.86748123168945
8	709.8609008789062	1031.189453125	61.495548248291016
