id	x	y	z
0	299.5862731933594	1676.545166015625	17.49956703186035
1	553.10888671875	1696.4090576171875	20.951839447021484
2	718.67529296875	1619.908935546875	30.303861618041992
3	786.3568725585938	1826.416259765625	34.13117599487305
4	733.3914184570312	1630.691650390625	42.377685546875
5	740.2772827148438	1822.187255859375	45.20907974243164
6	535.7269287109375	1469.2154541015625	54.50910186767578
7	708.35693359375	1011.1273193359375	58.213966369628906
8	555.4693603515625	628.4313354492188	66.39905548095703
