id	x	y	z
0	376.9141845703125	1278.328125	17.7757625579834
1	372.6103210449219	1379.605224609375	23.08875846862793
2	528.3133544921875	1328.49951171875	25.862445831298828
3	471.98919677734375	1135.60009765625	27.563337326049805
4	555.6705932617188	1293.7462158203125	33.723812103271484
5	314.995849609375	1208.9737548828125	34.90848922729492
6	438.2276916503906	1052.1875	45.45153045654297
7	529.0739135742188	1247.4261474609375	45.15780258178711
8	564.0894165039062	1028.4813232421875	48.02316665649414
