id	corresponding_timepoint_id	corresponding_viewsetup_id	corresponding_label	corresponding_id
41	540	2	all	34
21	540	0	all	19
82	540	2	all	76
52	540	2	all	45
32	540	2	all	28
74	540	2	all	70
20	540	2	all	17
15	540	0	all	67
64	540	0	all	18
0	540	2	all	0
57	540	2	all	51
50	540	2	all	42
43	540	1	all	78
87	540	2	all	81
31	540	2	all	27
49	540	2	all	47
69	540	2	all	64
61	540	2	all	58
13	540	2	all	13
3	540	2	all	3
90	540	2	all	85
79	540	2	all	69
1	540	1	all	19
73	540	2	all	68
91	540	2	all	86
76	540	1	all	29
55	540	2	all	49
75	540	2	all	71
48	540	2	all	39
37	540	2	all	32
24	540	2	all	21
4	540	0	all	76
29	540	2	all	23
78	540	2	all	74
60	540	2	all	57
70	545	2	all	71
52	545	1	all	14
90	545	0	all	5
43	545	2	all	41
65	545	2	all	65
57	545	2	all	57
27	545	2	all	26
80	545	1	all	57
26	545	2	all	24
61	545	2	all	60
77	545	2	all	78
0	545	2	all	0
59	545	2	all	58
58	545	2	all	56
25	545	2	all	25
76	545	2	all	77
34	545	2	all	32
22	545	0	all	48
64	545	2	all	63
35	545	2	all	33
36	545	2	all	34
20	545	2	all	18
41	545	2	all	40
79	545	2	all	79
44	545	2	all	42
21	545	2	all	21
69	545	2	all	69
60	545	2	all	59
73	545	2	all	75
15	545	2	all	14
4	545	2	all	3
42	545	2	all	37
10	545	2	all	9
39	545	2	all	38
2	545	2	all	2
37	545	2	all	35
47	545	0	all	47
78	545	2	all	82
75	545	2	all	73
88	545	2	all	91
31	545	2	all	31
7	545	2	all	7
55	545	2	all	55
17	545	2	all	12
24	545	2	all	19
81	545	2	all	83
49	545	2	all	46
50	545	2	all	50
23	545	2	all	22
13	545	2	all	13
1	545	2	all	1
19	545	2	all	17
18	545	2	all	16
29	545	2	all	27
86	545	2	all	88
10	546	2	all	8
70	546	2	all	69
79	546	1	all	85
34	546	2	all	30
43	546	0	all	64
24	546	2	all	18
18	546	2	all	17
37	546	2	all	33
77	546	2	all	74
86	546	2	all	83
63	546	0	all	1
3	546	2	all	2
45	546	2	all	41
25	546	2	all	22
42	546	2	all	37
31	546	2	all	27
1	546	2	all	1
15	546	0	all	69
21	546	0	all	21
59	546	2	all	56
75	546	2	all	72
20	546	2	all	19
47	546	0	all	46
76	546	2	all	73
50	546	2	all	47
52	546	0	all	9
0	546	2	all	0
57	546	2	all	54
17	546	2	all	16
11	546	2	all	10
7	546	2	all	7
49	546	2	all	45
87	546	2	all	84
27	546	2	all	23
58	546	2	all	55
12	546	2	all	11
5	546	2	all	5
29	546	2	all	24
23	546	2	all	20
80	546	2	all	76
22	546	0	all	48
85	546	2	all	82
4	546	2	all	4
55	546	2	all	53
36	546	2	all	32
41	546	2	all	36
61	546	2	all	58
60	546	2	all	57
52	548	1	all	10
25	548	2	all	25
90	548	1	all	53
23	548	2	all	20
18	548	2	all	15
55	548	2	all	52
11	548	2	all	9
80	548	2	all	71
44	548	0	all	34
5	548	2	all	5
78	548	1	all	66
0	548	2	all	0
48	548	0	all	15
22	548	0	all	46
27	548	2	all	24
85	548	2	all	77
39	548	0	all	68
57	548	2	all	53
50	548	2	all	48
24	548	1	all	9
88	548	2	all	84
70	548	2	all	66
37	548	2	all	35
87	548	1	all	32
10	548	0	all	60
19	548	2	all	16
59	548	2	all	56
56	548	0	all	38
1	548	2	all	2
20	548	2	all	17
12	548	2	all	10
31	548	2	all	30
60	548	2	all	59
34	548	2	all	33
15	548	2	all	11
48	547	0	all	16
3	547	2	all	2
41	547	2	all	38
21	547	0	all	19
18	547	2	all	17
70	547	2	all	69
31	547	2	all	32
45	547	2	all	47
61	547	2	all	61
42	547	2	all	39
52	547	0	all	8
26	547	2	all	24
4	547	2	all	3
90	547	1	all	54
55	547	2	all	55
44	547	0	all	35
24	547	2	all	18
27	547	2	all	27
43	547	0	all	60
22	547	0	all	44
10	547	2	all	9
76	547	2	all	73
15	547	2	all	13
0	547	2	all	0
57	547	2	all	57
75	547	2	all	72
50	547	2	all	48
23	547	2	all	22
11	547	2	all	10
2	547	2	all	1
60	547	2	all	60
1	547	2	all	5
34	547	2	all	33
17	547	2	all	16
59	547	2	all	58
20	547	2	all	21
87	547	2	all	83
37	547	2	all	35
43	549	0	all	63
3	549	0	all	79
91	549	2	all	88
5	549	2	all	5
15	549	2	all	12
90	549	1	all	54
75	549	2	all	73
52	549	1	all	9
87	549	2	all	85
27	549	2	all	25
74	549	2	all	75
82	549	1	all	26
37	549	2	all	35
57	549	2	all	54
80	549	0	all	13
17	549	2	all	14
39	549	0	all	65
48	549	2	all	43
19	549	2	all	16
11	549	2	all	9
70	549	2	all	67
44	549	0	all	34
55	549	2	all	52
0	549	2	all	0
23	549	2	all	20
56	549	0	all	38
1	549	2	all	4
47	549	0	all	46
4	549	2	all	3
14	549	2	all	11
73	549	0	all	11
18	549	2	all	15
34	549	2	all	34
60	549	2	all	58
50	549	2	all	49
31	549	2	all	30
41	541	2	all	39
21	541	2	all	21
82	541	2	all	79
52	541	2	all	50
32	541	0	all	44
45	541	0	all	13
70	541	1	all	15
74	541	2	all	71
47	541	2	all	51
5	541	1	all	61
44	541	0	all	33
15	541	2	all	16
22	541	2	all	26
57	541	2	all	55
50	541	2	all	48
43	541	1	all	79
87	541	1	all	31
31	541	2	all	32
49	541	2	all	44
88	541	2	all	85
90	541	1	all	52
79	541	2	all	70
80	541	2	all	75
91	541	2	all	88
76	541	2	all	73
55	541	2	all	53
75	541	2	all	72
37	541	0	all	54
2	541	2	all	2
7	541	0	all	78
24	541	2	all	25
18	541	2	all	15
4	541	2	all	1
29	541	2	all	28
60	541	2	all	61
41	542	2	all	38
21	542	2	all	18
82	542	2	all	81
52	542	0	all	9
42	542	2	all	39
32	542	2	all	30
45	542	2	all	45
70	542	2	all	70
74	542	2	all	76
86	542	2	all	84
47	542	2	all	49
20	542	2	all	17
14	542	2	all	13
5	542	2	all	2
44	542	0	all	35
23	542	2	all	19
15	542	2	all	14
22	542	2	all	21
0	542	2	all	0
57	542	2	all	54
50	542	2	all	47
43	542	1	all	80
87	542	2	all	85
31	542	2	all	29
49	542	2	all	51
69	542	2	all	68
61	542	1	all	86
81	542	2	all	79
58	542	2	all	56
13	542	2	all	10
3	542	2	all	4
90	542	1	all	47
26	542	2	all	24
79	542	2	all	72
59	542	2	all	57
80	542	2	all	77
91	542	2	all	90
76	542	2	all	74
55	542	2	all	50
65	542	2	all	64
75	542	2	all	73
48	542	2	all	43
10	542	2	all	7
37	542	2	all	33
7	542	2	all	5
12	542	2	all	9
24	542	2	all	20
17	542	2	all	16
18	542	2	all	11
34	542	2	all	31
78	542	2	all	78
60	542	2	all	60
85	542	2	all	83
21	539	0	all	20
32	539	2	all	32
45	539	1	all	10
20	539	2	all	17
44	539	0	all	38
15	539	2	all	13
64	539	0	all	21
0	539	2	all	0
57	539	2	all	57
50	539	2	all	46
43	539	1	all	80
31	539	2	all	31
49	539	2	all	52
69	539	2	all	66
58	539	0	all	4
90	539	0	all	6
79	539	2	all	74
59	539	0	all	23
73	539	2	all	69
91	539	2	all	84
76	539	1	all	28
55	539	2	all	51
75	539	2	all	71
37	539	2	all	38
63	539	1	all	0
4	539	0	all	77
78	539	2	all	75
60	539	2	all	60
41	543	2	all	40
21	543	0	all	21
82	543	1	all	25
52	543	2	all	50
42	543	2	all	41
32	543	2	all	31
45	543	1	all	9
70	543	2	all	71
74	543	2	all	80
47	543	2	all	44
20	543	2	all	20
14	543	2	all	14
5	543	2	all	4
15	543	2	all	15
0	543	2	all	0
57	543	2	all	56
50	543	2	all	47
43	543	1	all	84
87	543	2	all	88
31	543	2	all	30
49	543	2	all	51
69	543	2	all	69
61	543	2	all	62
35	543	2	all	33
88	543	2	all	93
58	543	2	all	58
27	543	2	all	25
13	543	2	all	12
90	543	2	all	91
26	543	2	all	24
79	543	2	all	79
25	543	2	all	23
59	543	2	all	59
80	543	2	all	81
73	543	2	all	74
91	543	2	all	92
76	543	2	all	76
55	543	2	all	54
65	543	2	all	66
75	543	2	all	75
48	543	2	all	45
10	543	2	all	9
77	543	2	all	77
37	543	2	all	35
7	543	2	all	8
24	543	2	all	22
39	543	2	all	38
18	543	2	all	13
34	543	2	all	32
4	543	2	all	3
29	543	2	all	26
78	543	2	all	78
60	543	2	all	61
85	543	2	all	86
