id	x	y	z
0	486.92852783203125	1318.844970703125	7.718164443969727
1	327.3398742675781	1300.3638916015625	9.133283615112305
2	368.7160949707031	1193.40185546875	10.771016120910645
3	365.6731872558594	1263.6981201171875	11.058327674865723
4	422.08331298828125	1304.96728515625	10.781139373779297
5	436.77313232421875	1367.441650390625	11.173347473144531
6	525.2169799804688	1314.5184326171875	12.021380424499512
7	366.64666748046875	1365.895263671875	12.029644012451172
8	471.6976623535156	1377.8277587890625	11.890342712402344
9	311.3457946777344	1202.3701171875	13.175361633300781
10	309.36846923828125	1342.0545654296875	13.380900382995605
11	312.11285400390625	1277.332763671875	14.191231727600098
12	331.66387939453125	1155.5714111328125	14.731291770935059
13	407.6521301269531	1312.5023193359375	14.946064949035645
14	346.3104553222656	1362.5655517578125	16.18792152404785
15	459.7386169433594	1392.5374755859375	16.41642189025879
16	350.6183776855469	1164.8721923828125	17.187082290649414
17	472.59027099609375	1230.2403564453125	16.769683837890625
18	513.0789184570312	1342.822998046875	16.836389541625977
19	412.7118835449219	1393.3773193359375	16.672544479370117
20	303.4283447265625	1195.50048828125	18.005231857299805
21	400.6536560058594	1260.28271484375	18.27463722229004
22	498.35418701171875	1279.6708984375	18.3017635345459
23	519.1910400390625	1212.0648193359375	18.899459838867188
24	303.8499450683594	1173.9951171875	20.350431442260742
25	370.93243408203125	1318.603271484375	19.54715347290039
26	406.69073486328125	1378.1240234375	19.786361694335938
27	433.5819396972656	1180.0870361328125	21.182355880737305
28	447.4218444824219	1385.624755859375	21.20726203918457
29	348.41815185546875	1112.46044921875	22.453689575195312
30	546.4566650390625	1262.9613037109375	22.099042892456055
31	505.74285888671875	1324.151123046875	21.549150466918945
32	556.1019897460938	1694.27880859375	22.045164108276367
33	345.75006103515625	1078.227783203125	23.23189353942871
34	287.1571044921875	1211.8438720703125	23.29703140258789
35	308.4493103027344	1268.9842529296875	22.50273895263672
36	408.4228515625	1050.3087158203125	23.993432998657227
37	371.8185119628906	1164.11376953125	24.064857482910156
38	553.7172241210938	1218.5577392578125	24.374820709228516
39	475.5564880371094	1268.0794677734375	23.570844650268555
40	518.1919555664062	1090.029296875	25.329593658447266
41	403.2906494140625	1124.2786865234375	24.765016555786133
42	302.82159423828125	1135.46435546875	25.575740814208984
43	374.7076721191406	1227.9453125	24.572988510131836
44	425.54241943359375	1289.2052001953125	25.128999710083008
45	491.4928283691406	1246.7991943359375	26.3575439453125
46	314.2177429199219	1256.9466552734375	26.093219757080078
47	341.88427734375	1342.8631591796875	26.03316879272461
48	481.88970947265625	1346.6658935546875	26.157411575317383
49	372.36083984375	1016.6300659179688	27.134063720703125
50	339.0365905761719	1052.008544921875	26.77972412109375
51	566.0780639648438	1146.1649169921875	26.798513412475586
52	379.76727294921875	1316.6875	26.700000762939453
53	545.466552734375	1283.8299560546875	27.61491584777832
54	422.3699951171875	1370.075439453125	27.596267700195312
55	420.07373046875	1005.7764892578125	29.291927337646484
56	385.75518798828125	1100.7479248046875	29.178489685058594
57	309.4284973144531	1125.6478271484375	29.20412254333496
58	468.99700927734375	1151.4046630859375	29.395891189575195
59	398.925537109375	1170.72021484375	28.760223388671875
60	300.5046081542969	1176.00390625	29.346893310546875
61	426.8706359863281	1235.8118896484375	29.223644256591797
62	454.0816955566406	1317.4986572265625	29.40192413330078
63	483.3843078613281	998.521484375	29.816804885864258
64	519.1943969726562	1053.9251708984375	29.728649139404297
65	325.1609802246094	1058.46875	29.67460060119629
66	554.9442749023438	1194.537353515625	30.08007049560547
67	492.20123291015625	1213.231689453125	30.049362182617188
68	359.3141784667969	1287.5758056640625	29.896953582763672
69	515.6381225585938	1297.0693359375	29.9224910736084
70	398.97760009765625	1346.8153076171875	30.642492294311523
71	724.4683227539062	1619.1455078125	31.267169952392578
72	373.53021240234375	977.2550048828125	31.978281021118164
73	340.7970886230469	1215.141357421875	31.922523498535156
74	477.10186767578125	978.7517700195312	32.572200775146484
75	407.7597961425781	1047.3607177734375	33.133663177490234
76	340.1505432128906	1001.7957153320312	33.74129867553711
77	361.2596435546875	1035.984619140625	34.18489074707031
78	461.1295166015625	1073.97607421875	33.70621871948242
79	369.7433776855469	1104.9058837890625	34.39265060424805
80	325.7497253417969	1165.59765625	34.08617401123047
81	347.409912109375	1229.2921142578125	34.430171966552734
82	316.1340637207031	1072.9464111328125	34.963600158691406
83	506.3672790527344	1180.287841796875	34.84725570678711
84	548.45556640625	1236.45166015625	34.9760856628418
85	512.6957092285156	1263.619384765625	34.774986267089844
86	383.0433349609375	1285.659912109375	34.963375091552734
87	426.8716125488281	1308.0809326171875	35.195770263671875
88	790.6875610351562	1824.115478515625	35.30309295654297
89	412.8948669433594	947.5111083984375	36.24220657348633
90	375.82403564453125	985.419189453125	35.82094192504883
91	568.6934814453125	1084.1427001953125	36.06725311279297
92	301.52557373046875	1119.2791748046875	36.257781982421875
93	405.0238952636719	1145.2796630859375	35.575958251953125
94	571.4761352539062	1158.56494140625	36.2071533203125
95	445.46051025390625	1188.6590576171875	35.656105041503906
96	416.2441101074219	1259.476318359375	36.53689956665039
97	475.6394348144531	1279.9599609375	37.069480895996094
98	471.4247741699219	942.8291015625	37.93550491333008
99	536.5579223632812	989.4479370117188	37.56157684326172
100	449.0387878417969	1013.3429565429688	37.90083312988281
101	350.5272216796875	1207.5430908203125	38.438934326171875
102	489.00579833984375	947.7172241210938	38.96881103515625
103	332.7008361816406	1093.0953369140625	38.79011154174805
104	523.4942626953125	1097.1566162109375	38.52916717529297
105	338.64154052734375	1156.3182373046875	38.621768951416016
106	501.4777526855469	1194.3309326171875	39.2590446472168
107	561.126220703125	1194.9453125	39.44554901123047
108	408.48052978515625	966.0379638671875	40.31441879272461
109	383.0145568847656	1026.0687255859375	39.747013092041016
110	337.2578430175781	1045.06689453125	39.97635269165039
111	570.5590209960938	1040.8897705078125	39.59297561645508
112	421.0459289550781	1065.8807373046875	39.53440856933594
113	441.6133117675781	1181.699951171875	40.32021713256836
114	474.9189758300781	1075.1065673828125	41.2174072265625
115	377.7047119140625	1190.4580078125	40.55326461791992
116	447.8713684082031	1226.281005859375	40.710906982421875
117	496.63055419921875	1132.582763671875	41.71407699584961
118	493.61865234375	1217.32861328125	42.048133850097656
119	465.53472900390625	974.3518676757812	43.44949722290039
120	428.23541259765625	1021.3026733398438	42.77877426147461
121	340.6451110839844	1105.939208984375	43.207088470458984
122	556.2039184570312	1103.360595703125	42.559051513671875
123	451.71478271484375	1131.4332275390625	43.50209426879883
124	452.5475769042969	1203.6644287109375	43.20437240600586
125	558.8509521484375	967.7776489257812	44.24985122680664
126	364.020751953125	1008.338623046875	44.03494644165039
127	561.4564208984375	1020.8287963867188	44.277862548828125
128	527.9981079101562	1053.7091064453125	44.04383850097656
129	384.98846435546875	1093.0372314453125	44.3954963684082
130	377.2272644042969	1139.6492919921875	43.853797912597656
131	543.4348754882812	1153.0648193359375	44.04792022705078
132	466.27215576171875	1060.18115234375	44.72130584716797
133	344.50604248046875	1070.59814453125	44.5677604675293
134	521.2871704101562	1096.28271484375	45.0025749206543
135	453.8957824707031	1106.95361328125	45.78803634643555
136	401.4022216796875	1013.8363647460938	46.88230895996094
137	407.61785888671875	1145.445556640625	46.826744079589844
138	475.8064270019531	1159.85546875	46.747623443603516
139	390.5546875	1049.26806640625	47.77364730834961
140	479.91705322265625	1001.7490234375	48.67992401123047
141	504.6882019042969	1026.1007080078125	49.02629852294922
142	448.6158447265625	1058.3330078125	49.502567291259766
143	454.7157897949219	1014.9761962890625	49.533504486083984
144	428.62628173828125	1093.2552490234375	50.09074783325195
145	539.6779174804688	1468.4156494140625	55.429832458496094
146	713.5955200195312	1010.327392578125	59.14638137817383
