id	x	y	z
0	420.6159362792969	1324.3629150390625	7.029235363006592
1	376.2348937988281	1335.337646484375	7.018359184265137
2	412.1231994628906	1238.1793212890625	8.013250350952148
3	458.5827941894531	1306.28369140625	7.632625102996826
4	395.8092346191406	1272.29296875	8.685187339782715
5	339.65625	1317.1180419921875	8.805402755737305
6	434.0984802246094	1335.923828125	11.347272872924805
7	447.6284484863281	1162.64013671875	11.703519821166992
8	396.5865173339844	1172.818359375	11.948659896850586
9	332.0924987792969	1245.8328857421875	11.650531768798828
10	318.7009582519531	1357.8057861328125	11.977895736694336
11	361.02142333984375	1149.872314453125	13.673333168029785
12	328.58941650390625	1177.86474609375	13.447372436523438
13	506.86981201171875	1343.20361328125	13.60265827178955
14	310.2350769042969	1297.2783203125	13.694214820861816
15	373.22979736328125	1363.3433837890625	13.696333885192871
16	529.0728759765625	1283.671142578125	14.491181373596191
17	452.18084716796875	1292.1697998046875	16.290088653564453
18	373.39129638671875	1110.33203125	17.422143936157227
19	363.17144775390625	1144.8033447265625	17.203454971313477
20	446.7783203125	1089.60205078125	18.027484893798828
21	309.1743469238281	1167.927978515625	17.92879295349121
22	308.3158874511719	1215.934326171875	17.512651443481445
23	451.70367431640625	1233.0103759765625	18.460302352905273
24	404.2919616699219	1323.45263671875	17.838335037231445
25	340.0999450683594	1362.2650146484375	18.139249801635742
26	428.98419189453125	1384.2054443359375	18.282703399658203
27	473.17559814453125	1384.153564453125	18.166854858398438
28	498.14093017578125	1241.05517578125	19.724668502807617
29	378.09185791015625	1277.72705078125	19.742835998535156
30	528.3768920898438	1296.4241943359375	19.88141632080078
31	511.4474182128906	1335.669189453125	20.160261154174805
32	348.739013671875	1090.390869140625	20.979001998901367
33	425.5982360839844	1130.366455078125	20.57407569885254
34	467.1460876464844	1379.531982421875	21.481225967407227
35	325.79669189453125	1150.274169921875	21.646230697631836
36	451.1416931152344	1175.699462890625	22.293954849243164
37	558.637939453125	1232.358154296875	22.434926986694336
38	318.4469909667969	1251.3184814453125	21.773977279663086
39	303.498291015625	1294.7012939453125	21.786767959594727
40	385.1756591796875	1355.63330078125	21.966920852661133
41	555.8436889648438	1693.3284912109375	21.865501403808594
42	453.68994140625	1057.63818359375	23.22632598876953
43	377.5578308105469	1065.966796875	23.286638259887695
44	473.9467468261719	1114.4090576171875	23.482797622680664
45	545.995361328125	1150.3128662109375	22.558326721191406
46	408.9591979980469	1035.4385986328125	24.304426193237305
47	383.0526123046875	1143.6490478515625	23.654090881347656
48	375.6770324707031	1222.6558837890625	24.412548065185547
49	466.595703125	1273.798583984375	23.835756301879883
50	511.88970947265625	1299.796142578125	24.488208770751953
51	283.8773193359375	1187.8988037109375	25.304473876953125
52	552.3533935546875	1198.15869140625	24.989543914794922
53	309.5237121582031	1112.2412109375	26.43558120727539
54	411.607177734375	1113.5355224609375	25.97433853149414
55	499.2872314453125	1235.4676513671875	26.140045166015625
56	543.6926879882812	1272.576904296875	26.203947067260742
57	487.5357360839844	1343.8043212890625	26.077695846557617
58	335.87713623046875	1058.0806884765625	26.797086715698242
59	536.2680053710938	1110.2816162109375	27.19150161743164
60	399.0749206542969	1117.2452392578125	26.805418014526367
61	310.720458984375	1227.3509521484375	26.776317596435547
62	414.802490234375	1283.917236328125	27.1889591217041
63	392.5429992675781	1017.6209106445312	27.87132453918457
64	383.6304016113281	1177.59423828125	28.389175415039062
65	545.7603149414062	1269.7760009765625	27.493864059448242
66	339.2213439941406	1320.899169921875	27.73897933959961
67	394.2111511230469	1339.043212890625	28.161176681518555
68	444.234130859375	1360.6116943359375	27.903539657592773
69	423.1518249511719	991.7302856445312	29.382946014404297
70	485.3422546386719	1057.2655029296875	29.22762680053711
71	549.3237915039062	1062.2791748046875	29.691316604614258
72	435.7643737792969	1099.0888671875	29.249879837036133
73	476.2635803222656	1186.0836181640625	28.731616973876953
74	434.6936340332031	1216.44384765625	28.51731300354004
75	563.697998046875	1218.18212890625	29.15127944946289
76	347.6359558105469	1013.9625854492188	30.49390983581543
77	512.923583984375	1014.9017944335938	29.824504852294922
78	434.6003112792969	1140.5894775390625	30.26472282409668
79	304.3556823730469	1162.68017578125	29.85073471069336
80	497.66552734375	1201.66259765625	30.088829040527344
81	461.96337890625	1007.3922729492188	30.750370025634766
82	298.94110107421875	1084.042724609375	31.37596321105957
83	500.5401306152344	1112.903076171875	31.174097061157227
84	329.5777893066406	1229.2318115234375	31.042470932006836
85	471.77520751953125	1243.91748046875	30.55327796936035
86	476.4471130371094	1305.4957275390625	31.041507720947266
87	724.5233154296875	1618.3983154296875	31.260488510131836
88	339.6037292480469	1016.9541625976562	31.938779830932617
89	406.78900146484375	1063.0997314453125	32.76102066040039
90	549.5873413085938	1167.169189453125	31.729175567626953
91	526.9002075195312	1275.516357421875	31.80259895324707
92	418.6051330566406	1331.0550537109375	31.78398323059082
93	553.6068115234375	1070.990478515625	32.940589904785156
94	308.32421875	1176.6778564453125	33.35906219482422
95	377.6478271484375	1299.418212890625	32.60261535644531
96	439.17559814453125	960.2135620117188	33.978736877441406
97	494.629150390625	971.7592163085938	33.99082565307617
98	379.9196472167969	979.2649536132812	33.9114990234375
99	346.6918640136719	1066.9193115234375	34.36135482788086
100	302.0123291015625	1123.27734375	34.37438201904297
101	482.5156555175781	1046.7117919921875	35.212459564208984
102	516.95654296875	1085.79345703125	34.8905143737793
103	578.78466796875	1132.7471923828125	34.76469421386719
104	375.3086853027344	1138.3209228515625	35.27476501464844
105	333.86712646484375	1216.9854736328125	35.437374114990234
106	547.0150146484375	1236.24560546875	35.358245849609375
107	446.3507080078125	1298.3309326171875	35.427181243896484
108	789.9752807617188	1822.9798583984375	35.274147033691406
109	523.6111450195312	982.5830688476562	35.86149597167969
110	425.9930419921875	1172.77587890625	35.91191482543945
111	568.4588012695312	1193.96484375	36.263240814208984
112	383.37567138671875	1261.6307373046875	35.747772216796875
113	428.4400939941406	1260.7298583984375	36.28676223754883
114	392.8539123535156	953.5343627929688	37.080482482910156
115	437.29022216796875	997.3411865234375	37.291439056396484
116	416.616455078125	1038.7276611328125	36.90207290649414
117	445.1487731933594	1095.634521484375	37.06464767456055
118	308.6178283691406	1107.4324951171875	37.14115905761719
119	485.2389221191406	1136.407470703125	38.02417755126953
120	535.4913940429688	1238.0736083984375	37.85609436035156
121	486.59515380859375	1262.7015380859375	37.577423095703125
122	412.3864440917969	949.0001220703125	39.26298141479492
123	517.5690307617188	1025.2823486328125	38.86254119873047
124	572.7402954101562	1084.678955078125	38.80649185180664
125	448.9908752441406	1097.1517333984375	38.73023223876953
126	353.12579345703125	1206.7340087890625	39.148170471191406
127	371.8871154785156	1030.4808349609375	39.61158752441406
128	324.7874755859375	1150.119873046875	39.62192153930664
129	436.3172912597656	1187.5089111328125	40.20805740356445
130	502.7681579589844	1194.7515869140625	39.463401794433594
131	482.78839111328125	971.731201171875	41.042964935302734
132	543.8671264648438	969.0447387695312	40.48798370361328
133	564.3577880859375	1035.8973388671875	40.54022979736328
134	467.9700622558594	1047.34912109375	40.64897155761719
135	323.0672912597656	1053.9234619140625	40.95112609863281
136	373.486572265625	1084.2021484375	40.72693634033203
137	421.91461181640625	1236.4561767578125	40.75849914550781
138	363.2284851074219	1164.5341796875	42.12857437133789
139	553.7957153320312	1171.786376953125	41.94963836669922
140	341.3672790527344	1115.159423828125	42.98682403564453
141	513.8774108886719	1150.4320068359375	43.235687255859375
142	420.6374816894531	1195.615234375	43.28097152709961
143	739.5878295898438	1628.4166259765625	43.293766021728516
144	472.1275939941406	1197.9129638671875	44.420623779296875
145	457.9611511230469	980.585205078125	45.254703521728516
146	521.057373046875	1043.9437255859375	45.32549285888672
147	387.53143310546875	1051.5220947265625	45.054542541503906
148	446.47003173828125	1125.310302734375	45.51556396484375
149	554.48095703125	1126.9237060546875	44.97031784057617
150	418.16204833984375	1000.77734375	45.56817626953125
151	347.12225341796875	1066.3536376953125	45.68183517456055
152	487.407958984375	1111.278564453125	45.678062438964844
153	385.2908020019531	1134.6444091796875	46.024513244628906
154	745.166259765625	1820.0694580078125	46.362266540527344
155	512.1739196777344	984.5371704101562	47.37316131591797
156	451.0273132324219	1080.5018310546875	46.993263244628906
157	521.54443359375	1080.4591064453125	46.843994140625
158	434.0997314453125	1161.6907958984375	46.88957595825195
159	468.9793395996094	1004.0155639648438	47.85123062133789
160	473.15216064453125	1050.7164306640625	48.12556076049805
161	394.09918212890625	1095.6719970703125	48.172855377197266
162	439.026123046875	1038.1158447265625	48.741539001464844
163	539.9534301757812	1467.586181640625	55.38559341430664
164	713.4298095703125	1009.2083129882812	59.15732955932617
