id	corresponding_timepoint_id	corresponding_viewsetup_id	corresponding_label	corresponding_id
35	521	1	all	33
29	521	1	all	28
21	521	2	all	65
38	521	1	all	34
4	521	1	all	4
26	521	1	all	27
40	521	1	all	36
15	521	1	all	12
41	521	1	all	37
68	521	2	all	19
56	521	1	all	54
37	521	1	all	41
24	521	2	all	16
3	521	0	all	12
39	521	2	all	7
13	521	2	all	23
82	521	1	all	76
44	521	2	all	31
71	521	0	all	18
2	521	1	all	3
17	521	1	all	19
62	521	1	all	58
76	521	1	all	71
36	521	1	all	38
55	521	1	all	51
72	521	1	all	68
43	521	1	all	42
59	521	1	all	56
66	521	1	all	65
12	521	1	all	13
78	521	0	all	69
50	521	1	all	52
25	521	1	all	25
33	521	1	all	32
81	521	2	all	47
1	521	1	all	1
10	521	1	all	10
35	522	0	all	14
29	522	1	all	25
21	522	1	all	24
38	522	1	all	32
4	522	1	all	3
0	522	1	all	0
26	522	2	all	54
40	522	1	all	34
61	522	1	all	55
15	522	1	all	10
41	522	0	all	58
68	522	1	all	61
56	522	1	all	49
24	522	2	all	17
39	522	2	all	8
13	522	1	all	12
82	522	1	all	72
44	522	2	all	30
71	522	0	all	16
2	522	1	all	2
51	522	1	all	48
17	522	1	all	16
62	522	1	all	56
76	522	1	all	67
65	522	0	all	57
36	522	1	all	36
55	522	1	all	46
57	522	1	all	50
7	522	1	all	6
72	522	1	all	64
43	522	1	all	38
59	522	1	all	52
66	522	1	all	60
12	522	2	all	72
78	522	1	all	69
50	522	1	all	47
49	522	1	all	43
77	522	1	all	68
33	522	1	all	31
81	522	2	all	46
1	522	1	all	1
10	522	1	all	9
35	524	0	all	15
29	524	2	all	67
21	524	1	all	23
38	524	1	all	34
0	524	1	all	0
26	524	2	all	55
40	524	1	all	36
32	524	1	all	31
79	524	1	all	75
61	524	1	all	61
15	524	1	all	17
41	524	0	all	68
68	524	1	all	68
8	524	1	all	9
5	524	1	all	5
75	524	1	all	73
24	524	2	all	14
3	524	1	all	3
39	524	0	all	54
83	524	1	all	81
13	524	1	all	14
82	524	1	all	80
71	524	2	all	62
2	524	1	all	2
17	524	1	all	20
62	524	1	all	62
76	524	1	all	74
65	524	1	all	65
36	524	1	all	33
55	524	1	all	52
57	524	1	all	55
72	524	1	all	72
43	524	1	all	41
59	524	1	all	57
66	524	1	all	67
12	524	1	all	13
78	524	0	all	71
50	524	1	all	53
25	524	1	all	26
49	524	0	all	52
77	524	1	all	78
54	524	1	all	51
28	524	1	all	28
58	524	1	all	56
1	524	1	all	1
10	524	1	all	10
67	523	1	all	73
35	523	1	all	36
21	523	1	all	27
38	523	1	all	38
0	523	1	all	0
64	523	1	all	67
26	523	1	all	30
40	523	1	all	39
15	523	1	all	15
41	523	1	all	40
68	523	1	all	69
8	523	1	all	9
5	523	1	all	6
75	523	1	all	78
24	523	2	all	15
3	523	1	all	4
39	523	2	all	6
13	523	1	all	17
82	523	1	all	83
71	523	1	all	75
2	523	1	all	2
17	523	1	all	24
62	523	1	all	64
60	523	1	all	63
65	523	1	all	68
36	523	1	all	37
55	523	1	all	55
57	523	1	all	58
72	523	1	all	76
43	523	1	all	43
59	523	1	all	60
66	523	1	all	72
12	523	1	all	16
78	523	0	all	62
50	523	1	all	50
25	523	1	all	29
49	523	1	all	49
81	523	1	all	81
54	523	1	all	54
1	523	1	all	1
10	523	1	all	13
21	527	2	all	77
33	527	1	all	43
68	527	1	all	76
40	527	1	all	47
65	527	1	all	72
76	527	1	all	85
64	527	1	all	66
36	527	1	all	41
35	527	0	all	18
75	527	1	all	84
78	527	1	all	89
60	527	1	all	68
10	527	1	all	14
50	527	1	all	55
29	527	2	all	75
1	527	1	all	3
85	527	1	all	93
25	527	1	all	36
9	527	1	all	12
2	527	1	all	1
6	527	1	all	7
12	527	1	all	17
83	527	1	all	90
27	527	1	all	32
24	527	0	all	31
4	527	2	all	57
26	527	2	all	60
17	527	1	all	22
28	527	1	all	33
5	527	1	all	6
37	527	1	all	42
54	527	1	all	61
15	527	1	all	20
0	527	1	all	0
81	527	1	all	87
59	527	1	all	65
51	527	1	all	56
82	527	1	all	92
14	527	1	all	19
8	527	1	all	10
41	527	1	all	48
73	527	1	all	81
56	527	1	all	62
55	527	1	all	60
66	527	1	all	75
72	527	1	all	80
77	527	1	all	88
49	527	1	all	54
26	529	2	all	63
59	529	1	all	66
3	529	1	all	5
37	529	0	all	55
38	529	1	all	42
56	529	1	all	64
5	529	2	all	45
71	529	1	all	74
13	529	1	all	18
82	529	1	all	91
29	529	2	all	76
24	529	1	all	28
7	529	2	all	20
76	529	1	all	82
4	529	2	all	57
15	529	1	all	21
72	529	1	all	79
50	529	1	all	53
74	529	1	all	78
66	529	1	all	75
47	529	1	all	48
81	529	1	all	87
10	529	1	all	14
33	529	1	all	38
75	529	1	all	81
55	529	1	all	59
65	529	1	all	73
2	529	1	all	1
73	529	2	all	47
8	529	1	all	9
28	529	1	all	33
44	529	2	all	36
62	529	1	all	72
77	529	1	all	84
41	529	1	all	46
36	529	1	all	40
17	529	1	all	22
9	529	1	all	11
12	529	1	all	17
27	529	1	all	32
35	530	0	all	14
74	530	1	all	74
49	530	1	all	50
4	530	2	all	60
17	530	1	all	17
40	530	0	all	26
58	530	1	all	60
60	530	1	all	63
26	530	2	all	65
38	530	1	all	38
27	530	1	all	27
29	530	2	all	79
44	530	1	all	39
56	530	1	all	57
5	530	2	all	48
0	530	2	all	62
43	530	0	all	6
9	530	1	all	9
8	530	0	all	36
59	530	1	all	61
65	530	1	all	69
50	530	1	all	51
82	530	1	all	86
24	530	1	all	24
32	530	0	all	66
54	530	1	all	55
25	530	1	all	25
12	530	1	all	11
7	530	1	all	8
36	530	1	all	37
3	530	1	all	3
81	526	0	all	41
35	526	1	all	35
51	526	1	all	51
71	526	1	all	76
72	526	1	all	77
5	526	1	all	4
76	526	1	all	79
26	526	2	all	57
61	526	1	all	64
29	526	2	all	71
36	526	1	all	36
60	526	1	all	63
49	526	1	all	49
1	526	1	all	1
56	526	0	all	36
40	526	1	all	40
47	526	1	all	47
9	526	1	all	9
13	526	1	all	13
10	526	1	all	10
69	526	0	all	31
39	526	1	all	39
77	526	1	all	80
82	526	1	all	83
66	526	1	all	70
15	526	1	all	16
32	526	1	all	33
59	526	1	all	62
57	526	1	all	60
38	526	0	all	13
73	526	1	all	73
62	526	1	all	65
67	526	1	all	71
25	526	1	all	24
27	526	1	all	27
23	526	1	all	18
21	526	0	all	3
33	526	1	all	37
28	526	1	all	28
6	526	1	all	5
83	526	1	all	85
4	526	2	all	53
7	526	2	all	19
17	526	1	all	19
65	526	1	all	68
54	526	1	all	55
8	526	1	all	8
2	526	1	all	2
50	526	1	all	50
55	526	1	all	56
41	526	1	all	41
75	526	1	all	78
85	526	1	all	87
14	526	1	all	14
41	528	1	all	40
17	528	1	all	18
50	528	1	all	48
0	528	1	all	0
56	528	1	all	57
73	528	0	all	41
83	528	1	all	83
9	528	1	all	10
68	528	1	all	68
7	528	2	all	21
26	528	1	all	26
6	528	1	all	7
12	528	1	all	15
64	528	2	all	15
38	528	0	all	13
47	528	1	all	42
4	528	1	all	5
61	528	1	all	61
78	528	1	all	81
49	528	1	all	47
72	528	1	all	71
59	528	1	all	59
32	528	1	all	35
1	528	1	all	2
10	528	1	all	12
2	528	1	all	1
27	528	1	all	27
3	528	1	all	4
51	528	1	all	49
39	528	2	all	10
55	528	1	all	54
62	528	1	all	65
65	528	1	all	66
21	528	2	all	80
44	528	1	all	37
82	528	1	all	82
24	528	1	all	25
85	528	1	all	84
33	528	1	all	32
66	528	1	all	67
54	528	1	all	53
76	528	1	all	77
36	528	1	all	41
25	528	1	all	31
77	528	1	all	79
75	528	1	all	74
8	528	1	all	9
67	520	1	all	63
35	520	1	all	40
29	520	1	all	32
21	520	1	all	25
38	520	0	all	9
26	520	2	all	52
61	520	1	all	57
15	520	1	all	17
41	520	0	all	54
68	520	2	all	20
14	520	1	all	11
5	520	1	all	3
24	520	1	all	27
3	520	0	all	11
13	520	1	all	13
82	520	1	all	72
44	520	2	all	30
71	520	0	all	17
2	520	1	all	2
17	520	1	all	21
76	520	1	all	68
85	520	1	all	74
36	520	1	all	35
55	520	1	all	50
7	520	2	all	16
72	520	1	all	65
59	520	1	all	53
66	520	1	all	62
12	520	1	all	12
78	520	0	all	61
25	520	1	all	28
1	520	1	all	1
10	520	1	all	9
