id	x	y	z
0	598.7378540039062	1099.3131103515625	19.90608787536621
1	591.7398071289062	1291.77587890625	23.682758331298828
2	486.0835266113281	1351.901611328125	27.711353302001953
3	445.13726806640625	1380.734619140625	32.28104019165039
4	660.13623046875	1154.6429443359375	36.19336700439453
5	458.35723876953125	1232.0155029296875	42.737361907958984
6	605.4376831054688	1344.755859375	42.863990783691406
7	432.12939453125	1331.94677734375	47.07841491699219
8	418.3597717285156	1437.6181640625	47.620113372802734
