id	x	y	z
0	602.314208984375	1092.985107421875	19.955825805664062
1	603.7545166015625	1305.7532958984375	23.629018783569336
2	418.58551025390625	1368.6783447265625	32.72309875488281
3	656.7449951171875	1140.799072265625	34.3563117980957
4	464.4961242675781	1192.664306640625	39.73516845703125
5	600.8468627929688	1305.216064453125	46.18723678588867
6	455.0179443359375	1446.8828125	46.200687408447266
7	416.1339111328125	1335.4007568359375	48.41169738769531
8	399.04998779296875	1418.2994384765625	50.93851852416992
