id	x	y	z
0	616.25634765625	1027.9716796875	21.345129013061523
1	641.6453857421875	1075.9927978515625	21.04334831237793
2	567.0215454101562	1105.983154296875	22.67902183532715
3	625.9402465820312	1232.0887451171875	23.23567008972168
4	632.4833374023438	1121.24462890625	23.707008361816406
5	646.8221435546875	1163.3948974609375	23.75383186340332
6	699.4865112304688	1062.0009765625	24.909000396728516
7	539.2667846679688	1101.1329345703125	24.72673988342285
8	534.46435546875	1145.2730712890625	25.308216094970703
9	536.0660400390625	1229.1368408203125	24.70184898376465
10	685.0117797851562	1226.25244140625	25.2716121673584
11	562.6755981445312	1050.0699462890625	26.22091293334961
12	580.8877563476562	1167.53125	26.16029167175293
13	506.6562194824219	1205.455810546875	25.523475646972656
14	724.5059814453125	1122.9329833984375	27.268312454223633
15	634.5093994140625	1200.73974609375	27.074907302856445
16	637.4166870117188	1295.4158935546875	27.480276107788086
17	507.3111877441406	1131.25732421875	28.085979461669922
18	668.94140625	1130.0946044921875	28.39980697631836
19	482.37548828125	1164.778076171875	28.286327362060547
20	513.4418640136719	1263.64892578125	27.800262451171875
21	651.3792724609375	1042.6075439453125	28.87165641784668
22	743.6231079101562	1160.3726806640625	28.710796356201172
23	688.2520141601562	1175.5985107421875	28.66848373413086
24	480.0394287109375	1258.5257568359375	28.951675415039062
25	607.102783203125	1257.6761474609375	28.519439697265625
26	669.5357055664062	1267.2752685546875	29.413732528686523
27	601.4501342773438	1010.9373168945312	30.027027130126953
28	633.0239868164062	1137.01416015625	30.363224029541016
29	667.2297973632812	1201.1768798828125	29.941112518310547
30	447.63262939453125	1214.8255615234375	29.550945281982422
31	538.0543212890625	1100.6153564453125	30.8524227142334
32	558.1382446289062	1249.220703125	30.679960250854492
33	465.66265869140625	1301.117431640625	30.56719398498535
34	602.6770629882812	1345.25	30.770397186279297
35	665.0783081054688	1087.8125	32.48030471801758
36	500.5074157714844	1119.123779296875	31.4897403717041
37	432.34222412109375	1290.8079833984375	31.71269416809082
38	648.799560546875	1300.044677734375	32.02785110473633
39	509.17730712890625	1370.0828857421875	31.9397029876709
40	551.6173095703125	1044.1817626953125	33.30110168457031
41	604.8809204101562	1079.49853515625	32.935638427734375
42	737.178466796875	1117.3829345703125	32.864105224609375
43	645.6476440429688	1249.112060546875	32.74013900756836
44	572.8846435546875	1355.1094970703125	32.78422164916992
45	516.6463623046875	1064.156005859375	34.10243225097656
46	713.2937622070312	1075.4945068359375	34.01310348510742
47	465.04705810546875	1155.3018798828125	33.80297088623047
48	590.5626220703125	1251.6031494140625	34.47172164916992
49	514.7114562988281	1286.207275390625	34.06372833251953
50	415.1116027832031	1325.282470703125	33.98705291748047
51	653.2244873046875	1035.29638671875	34.84177017211914
52	478.127685546875	1113.78662109375	34.62239074707031
53	549.8877563476562	1149.8934326171875	35.29169845581055
54	707.3760986328125	1159.1376953125	35.84475326538086
55	708.9315795898438	1208.3201904296875	35.53038024902344
56	523.1092529296875	1216.4112548828125	35.8536376953125
57	484.83624267578125	1419.6337890625	36.288490295410156
58	605.7005615234375	1017.1742553710938	36.79710388183594
59	580.7027587890625	1037.651123046875	37.54853057861328
60	660.8703002929688	1091.1700439453125	36.78337860107422
61	401.7237854003906	1272.706787109375	37.3167839050293
62	623.7493896484375	1332.4217529296875	37.22251892089844
63	532.8076171875	1387.3302001953125	36.892024993896484
64	432.6229248046875	1395.6007080078125	36.640628814697266
65	583.3447875976562	1114.5472412109375	38.306480407714844
66	510.17596435546875	1150.1380615234375	38.393428802490234
67	715.9050903320312	1160.7354736328125	37.80276107788086
68	611.38720703125	1201.39208984375	37.609859466552734
69	469.8702697753906	1331.2830810546875	38.0129508972168
70	672.3262939453125	1269.0360107421875	39.23099899291992
71	540.9664306640625	1296.2581787109375	38.82244110107422
72	404.3841857910156	1344.4525146484375	38.76665115356445
73	388.3813171386719	1416.3895263671875	38.772151947021484
74	541.5585327148438	1077.167724609375	39.892234802246094
75	679.8494873046875	1107.3968505859375	40.22127914428711
76	465.0744934082031	1194.91259765625	39.90739440917969
77	336.27691650390625	1381.9906005859375	40.30498123168945
78	532.4569702148438	1438.480712890625	39.759944915771484
79	583.4510498046875	1047.07568359375	41.42018127441406
80	617.3574829101562	1169.107177734375	41.2064094543457
81	674.476318359375	1223.239501953125	40.73727798461914
82	548.4283447265625	1232.4884033203125	41.30546951293945
83	506.0874938964844	1349.5294189453125	41.3029899597168
84	572.5277709960938	1423.64697265625	41.45804977416992
85	619.8739013671875	1104.8013916015625	41.58967208862305
86	559.538330078125	1159.479736328125	42.13037109375
87	677.267578125	1161.285888671875	42.20524215698242
88	463.0862731933594	1244.484130859375	42.36370086669922
89	401.55474853515625	1293.7030029296875	41.68272018432617
90	631.6651000976562	1298.3511962890625	42.258358001708984
91	455.475341796875	1454.59716796875	41.48463821411133
92	626.8631591796875	1070.3153076171875	43.00516891479492
93	543.1802978515625	1085.6351318359375	43.46218490600586
94	495.095458984375	1117.2919921875	42.933658599853516
95	510.25579833984375	1190.0975341796875	43.109039306640625
96	430.123779296875	1199.6458740234375	42.56427764892578
97	415.2828369140625	1423.3441162109375	42.62770080566406
98	634.9734497070312	1224.9169921875	44.35481643676758
99	603.981201171875	1274.59521484375	44.19091796875
100	356.6087951660156	1330.02392578125	43.86784744262695
101	584.5946044921875	1350.0162353515625	43.800376892089844
102	409.140625	1469.0433349609375	43.46487808227539
103	648.2833251953125	1141.038330078125	44.8126220703125
104	461.13763427734375	1158.735595703125	44.721336364746094
105	523.0357666015625	1291.104248046875	45.093936920166016
106	317.6145324707031	1385.2684326171875	45.228336334228516
107	541.93798828125	1386.3876953125	44.56853103637695
108	467.07305908203125	1437.8367919921875	44.87855911254883
109	517.445068359375	1232.3074951171875	45.743438720703125
110	432.64501953125	1257.5343017578125	46.089603424072266
111	553.279296875	1117.8475341796875	46.81667709350586
112	596.8783569335938	1124.2147216796875	47.19139099121094
113	360.3043518066406	1285.4638671875	47.37837600708008
114	445.4894714355469	1320.083984375	46.728946685791016
115	429.28387451171875	1465.88916015625	46.85821533203125
116	519.195068359375	1148.597412109375	48.42088317871094
117	375.67193603515625	1220.0743408203125	48.1286735534668
118	415.0862731933594	1372.0902099609375	47.814903259277344
119	477.69805908203125	1382.1727294921875	48.39262390136719
120	550.6513061523438	1415.3543701171875	47.764862060546875
121	368.414306640625	1429.739990234375	47.40609359741211
122	511.13397216796875	1177.26806640625	48.51193618774414
123	463.3667907714844	1184.3514404296875	48.9412727355957
124	591.97998046875	1186.72412109375	48.69578170776367
125	605.4909057617188	1235.1336669921875	49.46418762207031
126	58.877967834472656	1453.45361328125	48.7708854675293
127	418.6455383300781	1201.106689453125	49.63579559326172
128	465.1203308105469	1233.4078369140625	50.50800704956055
129	574.5464477539062	1320.3695068359375	49.47311019897461
130	559.220458984375	1198.65576171875	50.84132766723633
131	392.94061279296875	1259.0972900390625	52.095706939697266
132	534.8605346679688	1329.928955078125	52.30759048461914
133	339.8019104003906	1366.1107177734375	51.54996109008789
134	459.9745178222656	1426.5477294921875	52.144073486328125
135	552.5217895507812	1274.844482421875	53.21172332763672
136	398.9447021484375	1323.7337646484375	52.695701599121094
137	406.3646240234375	1431.7208251953125	52.72539520263672
138	491.9046325683594	1264.1787109375	54.167476654052734
139	440.6347351074219	1269.620849609375	55.43062973022461
140	454.8251647949219	1342.9410400390625	55.234649658203125
141	349.6489562988281	1360.19580078125	55.81130599975586
142	403.5679931640625	1363.91845703125	56.48257064819336
143	450.37548828125	1397.6221923828125	56.37746047973633
