id	corresponding_timepoint_id	corresponding_viewsetup_id	corresponding_label	corresponding_id
0	392	0	all	0
13	392	1	all	24
48	392	0	all	43
6	392	1	all	2
14	392	2	all	16
37	392	1	all	21
1	392	2	all	32
27	392	0	all	24
44	392	0	all	40
52	392	1	all	52
53	392	0	all	47
17	392	2	all	4
24	392	0	all	22
20	392	1	all	48
35	392	0	all	32
9	392	0	all	8
51	392	0	all	50
45	392	1	all	45
7	392	0	all	7
23	392	0	all	21
47	392	0	all	41
49	392	0	all	44
34	392	0	all	31
39	392	0	all	37
29	392	0	all	26
30	392	0	all	27
42	392	0	all	38
50	392	0	all	45
36	392	1	all	47
19	392	0	all	17
18	392	0	all	16
32	392	0	all	29
10	392	0	all	9
43	392	0	all	39
13	389	1	all	26
48	389	0	all	43
6	389	0	all	3
14	389	1	all	19
37	389	0	all	33
55	389	0	all	48
27	389	0	all	22
44	389	0	all	40
52	389	1	all	54
46	389	0	all	39
53	389	0	all	47
17	389	2	all	5
24	389	0	all	19
20	389	1	all	49
35	389	0	all	31
9	389	2	all	20
51	389	0	all	45
45	389	0	all	38
22	389	0	all	21
23	389	0	all	20
47	389	0	all	41
49	389	0	all	42
34	389	0	all	30
29	389	0	all	28
30	389	0	all	29
42	389	0	all	36
50	389	0	all	44
36	389	1	all	50
19	389	0	all	17
10	389	0	all	6
43	389	0	all	37
0	391	0	all	0
13	391	0	all	11
48	391	0	all	45
6	391	2	all	10
14	391	2	all	15
37	391	0	all	36
1	391	0	all	2
55	391	0	all	49
27	391	0	all	26
44	391	0	all	41
52	391	0	all	47
54	391	0	all	52
53	391	0	all	48
24	391	0	all	22
20	391	0	all	16
35	391	0	all	33
9	391	2	all	20
51	391	0	all	50
45	391	1	all	43
7	391	0	all	7
23	391	0	all	20
47	391	0	all	43
49	391	0	all	44
34	391	1	all	48
39	391	0	all	38
29	391	0	all	27
30	391	0	all	28
42	391	0	all	39
50	391	0	all	46
36	391	0	all	34
19	391	0	all	18
18	391	0	all	17
32	391	0	all	29
43	391	0	all	40
13	390	2	all	22
48	390	2	all	3
6	390	1	all	6
14	390	2	all	19
37	390	1	all	27
55	390	0	all	47
27	390	0	all	25
44	390	0	all	41
52	390	0	all	45
53	390	0	all	46
17	390	2	all	7
24	390	0	all	19
20	390	0	all	15
9	390	2	all	24
51	390	0	all	48
45	390	0	all	40
7	390	1	all	34
23	390	0	all	20
49	390	0	all	43
34	390	1	all	52
39	390	0	all	36
29	390	0	all	26
30	390	0	all	27
42	390	0	all	37
50	390	0	all	44
36	390	0	all	33
19	390	0	all	17
18	390	0	all	16
32	390	0	all	29
43	390	0	all	38
18	398	0	all	18
49	398	2	all	0
0	398	2	all	28
7	398	1	all	30
45	398	1	all	48
19	398	0	all	19
42	398	0	all	36
9	398	1	all	16
35	398	0	all	32
22	398	0	all	20
30	398	0	all	27
20	398	1	all	49
13	398	1	all	22
32	398	0	all	29
39	398	0	all	41
36	398	0	all	34
24	398	0	all	22
41	398	0	all	39
52	398	0	all	49
50	398	0	all	47
17	398	1	all	5
34	398	1	all	51
48	398	0	all	45
43	398	0	all	40
6	398	2	all	10
31	398	0	all	31
46	398	0	all	42
30	396	0	all	30
18	396	0	all	19
31	396	0	all	33
51	396	0	all	50
10	396	0	all	11
20	396	1	all	50
35	396	0	all	35
42	396	0	all	42
29	396	0	all	32
22	396	0	all	23
48	396	0	all	47
17	396	2	all	5
7	396	1	all	33
9	396	2	all	23
14	396	1	all	19
13	396	1	all	26
0	396	0	all	0
52	396	1	all	55
34	396	0	all	34
44	396	0	all	45
27	396	0	all	26
41	396	0	all	41
32	396	0	all	31
45	396	0	all	46
40	396	0	all	40
24	396	0	all	25
19	396	0	all	20
50	396	0	all	49
37	396	1	all	21
53	396	0	all	52
36	396	0	all	36
0	393	0	all	0
13	393	1	all	25
48	393	0	all	47
6	393	2	all	11
14	393	0	all	14
37	393	1	all	26
1	393	2	all	36
55	393	0	all	54
27	393	0	all	24
44	393	0	all	44
52	393	0	all	51
40	393	0	all	40
53	393	0	all	52
17	393	2	all	4
24	393	0	all	22
20	393	1	all	51
35	393	0	all	34
9	393	2	all	22
51	393	0	all	50
45	393	1	all	49
7	393	1	all	31
23	393	0	all	21
47	393	0	all	46
2	393	0	all	1
49	393	0	all	48
34	393	0	all	33
41	393	0	all	41
39	393	0	all	39
29	393	0	all	31
30	393	0	all	28
42	393	0	all	42
50	393	0	all	49
36	393	0	all	35
19	393	0	all	19
18	393	0	all	18
32	393	0	all	29
43	393	0	all	43
7	399	0	all	7
6	399	2	all	12
39	399	0	all	40
9	399	0	all	11
13	399	1	all	25
46	399	0	all	43
34	399	0	all	29
35	399	0	all	32
0	399	0	all	0
22	399	0	all	20
18	399	0	all	19
32	399	0	all	30
51	399	0	all	49
17	399	1	all	7
24	399	0	all	22
48	399	0	all	45
20	399	0	all	17
30	399	1	all	46
43	399	0	all	39
31	399	0	all	28
36	399	0	all	33
44	399	0	all	44
41	399	0	all	38
37	399	0	all	36
34	397	1	all	52
22	397	0	all	23
9	397	0	all	10
45	397	1	all	50
50	397	0	all	49
36	397	0	all	36
32	397	0	all	32
37	397	0	all	38
49	397	0	all	48
43	397	0	all	42
14	397	2	all	19
30	397	0	all	31
17	397	0	all	18
29	397	0	all	30
41	397	0	all	40
7	397	1	all	32
48	397	2	all	3
24	397	0	all	25
42	397	0	all	41
35	397	0	all	35
23	397	0	all	24
2	397	0	all	2
20	397	0	all	19
19	397	0	all	22
51	397	0	all	50
0	397	0	all	0
53	397	0	all	52
31	397	0	all	33
18	397	0	all	21
7	395	2	all	31
48	395	2	all	3
34	395	0	all	35
50	395	0	all	51
20	395	0	all	22
22	395	0	all	24
14	395	2	all	16
45	395	0	all	48
42	395	0	all	44
24	395	0	all	25
0	395	0	all	0
1	395	0	all	1
39	395	0	all	41
37	395	1	all	27
19	395	0	all	21
10	395	0	all	11
53	395	0	all	54
41	395	0	all	43
46	395	0	all	46
40	395	0	all	42
51	395	0	all	52
17	395	1	all	7
27	395	0	all	27
36	395	0	all	37
44	395	0	all	47
13	395	1	all	26
35	395	0	all	36
30	395	0	all	31
55	395	0	all	56
2	395	0	all	2
18	395	0	all	20
32	395	0	all	32
43	395	0	all	45
29	395	0	all	33
