id	x	y	z
0	127.7375717163086	780.2778930664062	2.638596296310425
1	166.37005615234375	643.8788452148438	5.767070293426514
2	522.12939453125	223.75234985351562	6.5842108726501465
3	53.965049743652344	1039.830322265625	11.573919296264648
4	160.390380859375	1436.59716796875	14.87732982635498
5	153.06484985351562	1190.575927734375	17.846986770629883
6	354.3614196777344	264.4234924316406	18.648193359375
7	492.4615478515625	1749.51318359375	34.997745513916016
8	338.7078552246094	1728.5943603515625	53.52491760253906
