id	x	y	z
0	371.84344482421875	1351.719482421875	15.505480766296387
1	388.1859130859375	1379.05810546875	22.33782386779785
2	451.1964111328125	1124.828857421875	26.774885177612305
3	542.8732299804688	1303.19775390625	26.617984771728516
4	315.6479797363281	1238.2738037109375	34.305721282958984
5	563.3057861328125	1287.1458740234375	35.26237487792969
6	407.3639221191406	1071.8538818359375	45.086551666259766
7	528.2315063476562	1237.7059326171875	45.59757614135742
8	565.337158203125	1032.467041015625	47.993038177490234
