id	x	y	z
0	415.1649475097656	1691.5791015625	14.449485778808594
1	613.6895141601562	1027.7840576171875	21.478113174438477
2	638.5330810546875	1057.9127197265625	22.153892517089844
3	571.9520874023438	1112.232666015625	22.154775619506836
4	619.916015625	1186.6048583984375	22.1463680267334
5	659.7750244140625	1152.5955810546875	23.163625717163086
6	588.332275390625	1221.7930908203125	22.622446060180664
7	634.2966918945312	1228.0318603515625	23.458940505981445
8	540.5691528320312	1101.3687744140625	23.94192123413086
9	629.5094604492188	1108.4097900390625	24.315338134765625
10	545.1663818359375	1156.301513671875	23.886653900146484
11	518.8240966796875	1233.120361328125	24.2611083984375
12	591.79052734375	1174.0872802734375	25.140735626220703
13	686.5472412109375	1055.2095947265625	25.932571411132812
14	564.2296752929688	1063.58837890625	26.317970275878906
15	677.8646240234375	1122.9580078125	26.462417602539062
16	630.303955078125	1136.0263671875	25.85348892211914
17	510.2210998535156	1187.108154296875	26.373857498168945
18	693.9183349609375	1229.443359375	26.06715202331543
19	723.1336059570312	1107.5076904296875	27.426151275634766
20	650.402099609375	1184.4375	26.732120513916016
21	647.2750244140625	1286.02294921875	27.404830932617188
22	485.6507263183594	1290.3394775390625	27.296005249023438
23	472.9400939941406	1160.7025146484375	28.33949851989746
24	563.084716796875	1239.495849609375	28.486448287963867
25	604.9910278320312	1255.97802734375	28.19171714782715
26	692.892578125	1149.365478515625	29.190744400024414
27	482.6722412109375	1248.9549560546875	29.075883865356445
28	635.8753662109375	1043.895751953125	30.264183044433594
29	745.400146484375	1150.638671875	29.996509552001953
30	549.3858032226562	1191.94580078125	30.533411026000977
31	452.2572326660156	1203.4190673828125	30.180858612060547
32	680.7323608398438	1261.8438720703125	30.346790313720703
33	610.8245849609375	1336.6859130859375	29.827924728393555
34	584.3236083984375	1014.2152099609375	30.77471351623535
35	538.0958251953125	1096.822998046875	30.809152603149414
36	506.4142150878906	1128.93994140625	30.74848747253418
37	726.754150390625	1196.280029296875	31.112197875976562
38	655.2981567382812	1296.720703125	31.203529357910156
39	471.95166015625	1312.755126953125	30.67354393005371
40	517.9262084960938	1344.712890625	30.945798873901367
41	469.6675720214844	1359.83544921875	30.712350845336914
42	431.7586669921875	1279.54052734375	31.6887264251709
43	568.7089233398438	1340.3489990234375	31.94656753540039
44	501.26165771484375	1077.5887451171875	33.44413375854492
45	701.5557250976562	1075.9373779296875	33.2855224609375
46	605.1851806640625	1081.1541748046875	33.195701599121094
47	481.4577331542969	1161.3179931640625	33.46821594238281
48	654.0839233398438	1251.299560546875	32.50885772705078
49	534.7849731445312	1273.0023193359375	33.08510208129883
50	409.6024475097656	1313.87109375	33.34677505493164
51	411.8125	1765.3133544921875	32.53775405883789
52	550.6731567382812	1057.955078125	33.469173431396484
53	660.1490478515625	1083.8897705078125	34.38226318359375
54	718.3738403320312	1111.56884765625	33.9172477722168
55	541.0191650390625	1196.7158203125	34.17781066894531
56	595.393798828125	1246.0355224609375	34.34892272949219
57	608.0548095703125	1372.31396484375	34.40049362182617
58	492.0802001953125	1114.9969482421875	34.99089050292969
59	429.92364501953125	1260.36083984375	34.79003143310547
60	490.7558288574219	1291.3861083984375	35.09242248535156
61	537.1114501953125	1369.5487060546875	34.96942901611328
62	650.214599609375	1038.4315185546875	35.89858627319336
63	698.2936401367188	1157.473388671875	35.996604919433594
64	704.7734985351562	1213.1708984375	35.992637634277344
65	443.80682373046875	1383.672119140625	36.08042907714844
66	492.52423095703125	1412.2491455078125	35.896522521972656
67	580.9727172851562	1027.6361083984375	37.314266204833984
68	595.427490234375	1116.644287109375	37.29691696166992
69	657.2401733398438	1140.4249267578125	37.26253890991211
70	623.3577880859375	1019.4517822265625	37.61695098876953
71	621.892333984375	1194.86767578125	37.903907775878906
72	476.7798767089844	1332.3709716796875	37.76484298706055
73	628.9063720703125	1331.700927734375	38.422088623046875
74	386.6941833496094	1403.0887451171875	37.991600036621094
75	580.9795532226562	1404.8125	38.3182373046875
76	538.6234130859375	1070.539306640625	38.919586181640625
77	658.5081176757812	1087.357177734375	38.92817306518555
78	676.5512084960938	1249.6011962890625	38.712406158447266
79	546.6676635742188	1286.4041748046875	38.63909912109375
80	412.1544189453125	1336.7254638671875	38.84317398071289
81	345.5669860839844	1375.4990234375	39.112571716308594
82	536.2068481445312	1432.060791015625	38.96027755737305
83	423.73260498046875	1422.3455810546875	40.36346435546875
84	463.82733154296875	1447.365478515625	40.47494125366211
85	617.4459228515625	1055.30322265625	40.543697357177734
86	560.057861328125	1156.569580078125	41.041770935058594
87	668.6461181640625	1279.64697265625	40.67904281616211
88	510.267578125	1344.6046142578125	40.793460845947266
89	571.7401733398438	1066.2325439453125	41.81297302246094
90	684.695068359375	1108.177734375	41.57741165161133
91	479.3596496582031	1119.1934814453125	42.196372985839844
92	615.4336547851562	1161.5318603515625	42.13632583618164
93	504.22540283203125	1187.7921142578125	42.46546173095703
94	440.6511535644531	1195.0521240234375	41.851463317871094
95	469.97906494140625	1235.7332763671875	41.658538818359375
96	560.1597290039062	1231.345703125	41.80829620361328
97	669.0109252929688	1232.26904296875	41.9594612121582
98	423.88897705078125	1300.0406494140625	42.17912673950195
99	593.6915893554688	1356.0631103515625	41.73114776611328
100	546.1088256835938	1382.540283203125	42.43098449707031
101	524.3133544921875	1091.466064453125	42.869468688964844
102	678.6260375976562	1164.0145263671875	43.20415496826172
103	364.03460693359375	1448.94384765625	43.26018524169922
104	585.8057861328125	1082.150634765625	44.429420471191406
105	446.9039611816406	1147.9642333984375	44.10792541503906
106	368.7637023925781	1336.2530517578125	43.982669830322266
107	513.4447021484375	1223.734130859375	45.197933197021484
108	526.9727172851562	1293.90771484375	45.407440185546875
109	322.20458984375	1375.45849609375	45.42780685424805
110	634.4257202148438	1146.72802734375	46.04983901977539
111	655.8228759765625	1197.1524658203125	45.68471145629883
112	602.1672973632812	1286.423583984375	45.85954666137695
113	434.9803771972656	1465.9632568359375	45.671939849853516
114	530.4251098632812	1131.1881103515625	46.9166259765625
115	489.1947326660156	1148.087158203125	47.452537536621094
116	375.1839599609375	1226.0394287109375	47.129207611083984
117	636.3189086914062	1236.863037109375	47.05251693725586
118	448.5102844238281	1254.0830078125	47.00669479370117
119	458.8352355957031	1327.5380859375	47.28643798828125
120	425.67138671875	1375.3170166015625	47.18422317504883
121	581.366943359375	1131.818115234375	47.82403564453125
122	412.6437683105469	1198.0474853515625	47.85250473022461
123	399.76690673828125	1301.6109619140625	47.89752197265625
124	480.4719543457031	1385.9287109375	47.663482666015625
125	570.9026489257812	1394.7783203125	47.55413818359375
126	500.9154968261719	1177.04296875	48.75993728637695
127	455.1872863769531	1183.679931640625	49.46160888671875
128	593.0535888671875	1186.7496337890625	49.37546920776367
129	590.9791259765625	1247.588623046875	49.47598648071289
130	373.6177062988281	1384.2137451171875	48.85338592529297
131	58.128990173339844	1452.900634765625	48.6728515625
132	543.2667236328125	1209.715576171875	50.5135383605957
133	560.2462768554688	1310.1790771484375	49.67924880981445
134	486.2767333984375	1425.99560546875	50.20399856567383
135	463.4834899902344	1231.15966796875	50.47194290161133
136	540.099853515625	1349.408935546875	51.2657585144043
137	405.0986633300781	1239.0166015625	51.971370697021484
138	366.26373291015625	1292.4012451171875	51.608909606933594
139	323.9917297363281	1386.1851806640625	51.82087326049805
140	427.01751708984375	1420.406982421875	51.87114715576172
141	508.3148193359375	1243.6790771484375	53.19922637939453
142	534.68505859375	1280.1270751953125	52.94601821899414
143	364.1874084472656	1331.0015869140625	53.42167663574219
144	480.3490905761719	1262.649658203125	54.448238372802734
145	421.9618835449219	1325.32861328125	53.86636734008789
146	429.15301513671875	1269.5595703125	56.00675964355469
147	462.1172180175781	1353.8377685546875	55.5488166809082
148	399.282958984375	1370.9189453125	56.0740852355957
149	355.3238525390625	1385.13525390625	55.58829116821289
150	455.9613037109375	1422.7418212890625	55.552635192871094
