id	x	y	z
0	523.9083862304688	1699.9783935546875	7.477903842926025
1	415.7391052246094	1690.938720703125	14.508574485778809
2	613.9851684570312	1025.6533203125	21.04644012451172
3	665.791015625	1138.6546630859375	22.4251766204834
4	606.7001342773438	1231.1141357421875	22.054540634155273
5	637.6422729492188	1054.9718017578125	23.323007583618164
6	558.3206176757812	1145.2481689453125	22.87347412109375
7	669.5134887695312	1046.7027587890625	23.719255447387695
8	540.5338745117188	1103.532470703125	23.935571670532227
9	639.55712890625	1130.504638671875	24.233047485351562
10	586.597412109375	1206.96435546875	24.267751693725586
11	581.4750366210938	1031.34716796875	25.281810760498047
12	603.8195190429688	1091.935546875	24.754676818847656
13	652.13134765625	1110.300048828125	24.56939125061035
14	634.0540771484375	1210.64501953125	24.696931838989258
15	520.7236328125	1216.36474609375	24.75806427001953
16	706.6834106445312	1067.937744140625	26.415401458740234
17	698.3864135742188	1122.44189453125	26.41415786743164
18	500.2586364746094	1177.467041015625	25.75042152404785
19	535.4745483398438	1302.931640625	26.235708236694336
20	577.5176391601562	1303.684814453125	26.196975708007812
21	669.747802734375	1178.1485595703125	26.68088150024414
22	519.47607421875	1229.63134765625	26.876720428466797
23	607.5574340820312	1259.287109375	27.418498992919922
24	498.6650085449219	1270.655517578125	27.136329650878906
25	665.4630126953125	1265.2314453125	27.251312255859375
26	577.3825073242188	1078.0057373046875	27.89393424987793
27	613.1755981445312	1030.2891845703125	29.51484489440918
28	679.8742065429688	1040.61767578125	28.588228225708008
29	475.5740661621094	1136.966796875	29.049161911010742
30	538.9434204101562	1137.1846923828125	28.797128677368164
31	467.6490478515625	1226.60595703125	28.678531646728516
32	707.5431518554688	1234.400146484375	28.914152145385742
33	483.2466735839844	1300.4388427734375	28.7585391998291
34	622.2564697265625	1320.279296875	29.29738426208496
35	557.3460693359375	1031.474365234375	30.03782844543457
36	698.2767944335938	1147.57080078125	29.909442901611328
37	583.6810913085938	1189.384033203125	30.164274215698242
38	556.2127075195312	1239.133544921875	29.642375946044922
39	481.311767578125	1342.7337646484375	29.811450958251953
40	708.698486328125	1066.5361328125	30.52650260925293
41	443.852294921875	1271.2054443359375	30.693008422851562
42	583.765625	1339.8212890625	31.131427764892578
43	509.60589599609375	1084.183349609375	32.13459396362305
44	566.02392578125	1115.8677978515625	31.604625701904297
45	628.933837890625	1163.1580810546875	31.846738815307617
46	519.5963134765625	1175.858642578125	32.466732025146484
47	460.11444091796875	1184.4376220703125	31.77255630493164
48	685.0985107421875	1269.3707275390625	31.77007293701172
49	418.5514221191406	1294.57763671875	32.22816467285156
50	412.856201171875	1764.8702392578125	32.47454071044922
51	676.9683227539062	1081.8323974609375	33.059173583984375
52	740.4337158203125	1164.800048828125	32.580726623535156
53	565.17138671875	1222.602783203125	32.65229034423828
54	661.37158203125	1308.1856689453125	32.78493881225586
55	505.7447204589844	1118.98486328125	34.1196403503418
56	724.957275390625	1204.500732421875	33.913578033447266
57	422.30609130859375	1229.1536865234375	33.7327766418457
58	647.9363403320312	1260.487060546875	33.91791534423828
59	536.4737548828125	1365.6407470703125	34.11433410644531
60	598.9244384765625	1363.178466796875	33.99718475341797
61	459.150146484375	1370.01171875	34.35390853881836
62	601.233642578125	1065.587158203125	34.73826599121094
63	716.4104614257812	1112.255126953125	34.520565032958984
64	607.3490600585938	1240.8455810546875	35.19447326660156
65	512.8826293945312	1251.7401123046875	35.28978729248047
66	643.7355346679688	1021.5786743164062	35.67485427856445
67	573.1840209960938	1026.438720703125	36.4625358581543
68	530.9598999023438	1065.764892578125	35.8492317199707
69	670.1395874023438	1065.2060546875	36.162872314453125
70	403.2223815917969	1367.1865234375	35.828643798828125
71	484.0198059082031	1418.9854736328125	35.63844680786133
72	625.637939453125	1018.5284423828125	36.889129638671875
73	678.1494140625	1156.57763671875	36.5753059387207
74	433.8544006347656	1226.3271484375	36.546878814697266
75	695.9803466796875	1231.839111328125	37.50400161743164
76	665.3803100585938	1109.726806640625	38.33442306518555
77	535.847412109375	1160.0142822265625	38.12966537475586
78	457.72210693359375	1178.7666015625	37.92589569091797
79	538.4242553710938	1206.414306640625	37.92770767211914
80	390.77349853515625	1267.406005859375	38.38554382324219
81	424.79022216796875	1318.2642822265625	38.126747131347656
82	577.4057006835938	1399.455078125	37.670475006103516
83	421.2965087890625	1411.2711181640625	37.84256362915039
84	527.6174926757812	1433.501708984375	38.066104888916016
85	537.7671508789062	1060.2840576171875	39.00129699707031
86	432.6122131347656	1164.6063232421875	39.126041412353516
87	541.9741821289062	1284.6759033203125	38.98051452636719
88	626.7059936523438	1330.5635986328125	38.57413864135742
89	469.3922424316406	1338.2052001953125	38.52112579345703
90	353.56561279296875	1346.6158447265625	39.4468879699707
91	471.08642578125	1124.7733154296875	39.639705657958984
92	578.3049926757812	1134.2764892578125	39.940879821777344
93	626.4036254882812	1199.426025390625	39.5490837097168
94	669.2847290039062	1277.7470703125	40.11189270019531
95	522.3872680664062	1346.9949951171875	40.498374938964844
96	389.0792541503906	1430.672119140625	40.00709533691406
97	608.1362915039062	1052.829833984375	40.894744873046875
98	647.7041625976562	1089.7454833984375	40.92741012573242
99	692.025390625	1219.7232666015625	41.12394332885742
100	461.1029357910156	1242.0264892578125	41.06529998779297
101	349.0697021484375	1348.6488037109375	40.674861907958984
102	596.9383544921875	1359.12744140625	40.919769287109375
103	355.2171630859375	1411.0108642578125	41.080238342285156
104	453.3842468261719	1442.4854736328125	40.49829864501953
105	554.598388671875	1088.8829345703125	41.81028366088867
106	503.7424621582031	1108.1378173828125	42.123374938964844
107	512.114990234375	1184.7633056640625	42.18361282348633
108	462.083740234375	1194.921875	42.34506607055664
109	406.95404052734375	1216.060546875	42.00067138671875
110	547.868408203125	1393.468017578125	42.0018310546875
111	412.912353515625	1464.8514404296875	41.902191162109375
112	694.4051513671875	1123.4278564453125	42.606773376464844
113	431.5929870605469	1156.3780517578125	42.68517303466797
114	551.7103881835938	1240.52880859375	42.580780029296875
115	654.5661010742188	1279.397705078125	42.66172790527344
116	427.2001037597656	1295.5760498046875	42.636573791503906
117	570.8547973632812	1084.761962890625	44.200927734375
118	610.183837890625	1090.8443603515625	43.7415771484375
119	616.8901977539062	1142.091064453125	43.69110107421875
120	673.10546875	1173.3204345703125	44.15659713745117
121	398.32086181640625	1354.183837890625	44.01631164550781
122	508.0681457519531	1206.202880859375	44.73583984375
123	643.78515625	1245.1185302734375	45.315120697021484
124	438.8624267578125	1251.3006591796875	45.36690139770508
125	517.6160888671875	1284.39892578125	45.423248291015625
126	379.3551940917969	1435.4847412109375	44.59504699707031
127	513.7070617675781	1132.943603515625	45.62508010864258
128	477.5110168457031	1141.09228515625	46.255714416503906
129	367.4250183105469	1231.517578125	45.914772033691406
130	440.7671203613281	1387.2928466796875	46.183319091796875
131	498.50518798828125	1403.8287353515625	45.75140380859375
132	560.566162109375	1128.764404296875	46.78145217895508
133	614.4525146484375	1150.022216796875	47.19929885864258
134	637.1365356445312	1194.5819091796875	46.67961502075195
135	412.9171142578125	1202.6519775390625	46.621826171875
136	328.4109802246094	1375.879638671875	47.43038558959961
137	580.2618408203125	1385.865966796875	46.805686950683594
138	574.4096069335938	1299.690673828125	48.46323776245117
139	414.20709228515625	1311.1905517578125	48.435218811035156
140	473.5939636230469	1330.5921630859375	47.86445617675781
141	373.5610046386719	1402.8621826171875	48.20302200317383
142	499.4889221191406	1168.6767578125	49.106666564941406
143	452.92022705078125	1178.3970947265625	48.677886962890625
144	570.4189453125	1178.44775390625	49.411128997802734
145	602.8440551757812	1227.4879150390625	48.786800384521484
146	58.440834045410156	1452.686767578125	48.54587173461914
147	456.75927734375	1218.9678955078125	50.002262115478516
148	391.14190673828125	1238.6085205078125	49.957035064697266
149	489.2393798828125	1429.74169921875	50.523250579833984
150	345.66925048828125	1297.032470703125	51.08969497680664
151	530.6024169921875	1312.2303466796875	50.605621337890625
152	331.58917236328125	1391.6419677734375	51.25514602661133
153	428.650634765625	1216.565185546875	51.98442840576172
154	528.8867797851562	1216.5748291015625	51.68392562866211
155	578.1802978515625	1260.8206787109375	51.6693229675293
156	350.52178955078125	1336.9906005859375	51.84012985229492
157	427.2586975097656	1427.075927734375	51.56133270263672
158	528.1026611328125	1360.6561279296875	52.9411506652832
159	492.9804992675781	1237.6307373046875	53.729705810546875
160	448.5074157714844	1248.967529296875	54.20170593261719
161	355.952880859375	1393.4395751953125	53.814002990722656
162	404.6346130371094	1263.06982421875	54.543540954589844
163	494.18328857421875	1283.8853759765625	55.25209045410156
164	415.65325927734375	1313.462646484375	54.9206428527832
165	448.6189880371094	1360.1719970703125	55.43803024291992
166	395.36810302734375	1379.724853515625	56.119956970214844
167	447.5170593261719	1420.0849609375	55.825439453125
