id	corresponding_timepoint_id	corresponding_viewsetup_id	corresponding_label	corresponding_id
17	945	0	all	21
50	945	2	all	55
47	945	2	all	48
67	945	2	all	68
56	945	2	all	58
1	945	0	all	40
58	945	0	all	0
68	945	2	all	69
11	945	2	all	13
0	945	2	all	0
35	945	2	all	38
51	945	0	all	18
32	945	2	all	35
39	945	2	all	40
13	945	2	all	11
27	945	2	all	33
43	945	2	all	49
28	945	2	all	34
54	945	2	all	56
34	945	2	all	37
24	945	2	all	26
16	945	2	all	15
29	945	2	all	29
38	945	1	all	15
14	945	2	all	14
41	945	2	all	44
48	945	2	all	52
19	945	2	all	21
52	945	2	all	53
25	945	2	all	32
49	945	2	all	54
37	945	2	all	42
33	945	2	all	36
36	945	2	all	39
65	945	2	all	67
5	945	0	all	46
26	945	2	all	30
22	945	2	all	24
17	947	0	all	24
63	947	2	all	64
47	947	2	all	46
67	947	2	all	67
56	947	2	all	56
1	947	1	all	1
7	947	2	all	8
58	947	0	all	0
68	947	2	all	66
11	947	2	all	13
44	947	2	all	45
32	947	2	all	32
39	947	2	all	39
13	947	2	all	11
27	947	2	all	31
43	947	0	all	50
28	947	2	all	29
54	947	2	all	54
34	947	2	all	34
24	947	2	all	24
16	947	2	all	16
29	947	2	all	30
38	947	2	all	38
46	947	2	all	48
14	947	0	all	66
41	947	2	all	43
48	947	2	all	49
12	947	2	all	14
19	947	2	all	20
52	947	2	all	52
25	947	2	all	28
49	947	2	all	50
37	947	2	all	37
18	947	2	all	19
33	947	2	all	33
36	947	2	all	36
65	947	2	all	65
9	947	2	all	10
3	947	2	all	3
26	947	2	all	26
4	947	2	all	4
70	947	2	all	69
22	947	2	all	25
17	944	2	all	18
47	944	2	all	47
67	944	2	all	66
1	944	0	all	36
68	944	2	all	67
11	944	2	all	12
35	944	2	all	36
32	944	2	all	33
39	944	2	all	39
13	944	2	all	13
40	944	2	all	44
27	944	1	all	67
43	944	0	all	47
28	944	2	all	32
34	944	2	all	35
24	944	2	all	27
29	944	0	all	57
38	944	2	all	38
46	944	2	all	49
41	944	2	all	45
48	944	2	all	50
12	944	2	all	16
52	944	2	all	52
25	944	2	all	28
49	944	2	all	53
21	944	2	all	21
37	944	2	all	41
33	944	2	all	34
36	944	2	all	37
5	944	2	all	6
26	944	2	all	29
22	944	2	all	22
6	944	2	all	7
50	952	2	all	55
56	952	1	all	26
52	952	1	all	19
49	952	2	all	57
38	952	2	all	43
0	952	2	all	0
58	952	0	all	0
19	952	2	all	21
25	952	2	all	27
62	952	1	all	44
37	952	2	all	42
48	952	2	all	53
27	952	2	all	33
54	952	2	all	58
1	952	0	all	39
33	952	2	all	38
22	952	2	all	23
46	952	2	all	52
41	952	2	all	46
20	952	2	all	22
32	952	2	all	35
36	952	2	all	37
6	952	2	all	8
65	952	2	all	69
23	952	2	all	24
47	952	2	all	49
11	952	2	all	13
5	952	2	all	6
67	952	2	all	70
13	952	2	all	15
12	952	2	all	14
28	952	2	all	31
43	952	2	all	47
39	952	2	all	40
34	952	2	all	36
2	952	2	all	2
0	950	2	all	0
28	950	2	all	30
5	950	2	all	6
23	950	2	all	25
18	950	2	all	20
34	950	2	all	37
41	950	2	all	45
24	950	2	all	26
37	950	2	all	40
22	950	2	all	24
20	950	2	all	22
30	950	2	all	33
47	950	2	all	49
38	950	2	all	41
50	950	1	all	56
27	950	2	all	28
12	950	2	all	14
52	950	2	all	53
6	950	2	all	7
67	950	2	all	67
11	950	2	all	13
56	950	1	all	26
49	950	2	all	54
4	950	2	all	5
17	950	2	all	19
65	950	2	all	65
2	950	2	all	2
33	950	2	all	35
58	950	0	all	0
66	950	2	all	66
36	950	2	all	39
13	950	2	all	11
32	950	2	all	36
48	950	2	all	50
62	950	2	all	64
68	950	2	all	68
9	950	2	all	8
39	950	2	all	43
29	950	2	all	31
3	950	2	all	4
8	950	2	all	10
70	950	2	all	70
31	950	2	all	34
21	950	2	all	23
16	950	2	all	17
19	950	2	all	21
25	950	2	all	27
65	954	2	all	66
24	954	2	all	27
43	954	2	all	45
58	954	0	all	0
34	954	2	all	33
2	954	2	all	2
17	954	1	all	6
13	954	2	all	15
54	954	1	all	44
11	954	2	all	13
19	954	2	all	21
29	954	2	all	29
49	954	2	all	53
7	954	2	all	10
27	954	2	all	30
20	954	2	all	22
48	954	2	all	50
1	954	2	all	1
38	954	1	all	18
18	954	2	all	20
12	954	2	all	14
4	954	2	all	3
47	954	2	all	47
41	954	2	all	44
51	954	2	all	54
55	954	2	all	58
36	954	2	all	35
33	954	2	all	37
50	954	2	all	51
22	954	2	all	25
0	954	2	all	0
30	954	0	all	30
37	954	2	all	40
39	954	2	all	39
25	954	2	all	28
14	954	2	all	17
6	954	2	all	7
44	954	2	all	46
37	953	2	all	40
25	953	2	all	26
48	953	2	all	50
2	953	2	all	1
54	953	1	all	40
13	953	2	all	13
22	953	2	all	22
62	953	1	all	39
68	953	2	all	69
17	953	2	all	17
33	953	2	all	36
36	953	2	all	34
52	953	2	all	53
38	953	2	all	41
34	953	2	all	33
49	953	2	all	54
28	953	2	all	28
20	953	2	all	20
19	953	2	all	19
11	953	2	all	11
4	953	2	all	3
43	953	2	all	46
51	953	2	all	56
41	953	2	all	45
21	953	2	all	21
9	953	2	all	9
6	953	2	all	6
66	953	2	all	67
7	953	2	all	7
12	953	2	all	12
32	953	2	all	35
39	953	2	all	38
34	951	2	all	35
6	951	2	all	7
62	951	2	all	63
12	951	2	all	13
33	951	2	all	34
18	951	2	all	21
9	951	2	all	10
37	951	2	all	40
47	951	2	all	48
28	951	2	all	31
32	951	2	all	36
3	951	2	all	3
21	951	2	all	24
20	951	2	all	23
66	951	2	all	65
19	951	2	all	22
56	951	1	all	29
27	951	1	all	79
22	951	2	all	25
67	951	2	all	66
23	951	2	all	26
43	951	0	all	49
49	951	2	all	53
8	951	2	all	9
38	951	2	all	41
55	951	2	all	57
70	951	2	all	68
36	951	2	all	38
68	951	2	all	67
40	951	2	all	42
13	951	2	all	14
25	951	2	all	28
50	951	2	all	50
30	951	2	all	33
65	951	2	all	64
2	951	2	all	2
0	951	2	all	0
16	951	2	all	16
41	951	2	all	43
5	951	2	all	6
58	951	0	all	0
48	951	2	all	49
17	946	0	all	24
47	946	2	all	45
67	946	2	all	66
1	946	1	all	1
58	946	0	all	0
68	946	2	all	67
11	946	2	all	11
35	946	2	all	35
32	946	2	all	32
39	946	2	all	37
13	946	2	all	12
27	946	2	all	30
28	946	2	all	31
34	946	2	all	34
24	946	2	all	25
38	946	2	all	39
2	946	0	all	67
41	946	2	all	41
48	946	2	all	50
19	946	2	all	19
52	946	2	all	54
25	946	2	all	26
49	946	2	all	51
37	946	2	all	40
33	946	2	all	33
36	946	2	all	36
65	946	2	all	65
9	946	2	all	9
5	946	2	all	5
26	946	2	all	29
4	946	2	all	4
70	946	2	all	70
22	946	2	all	22
17	948	2	all	19
63	948	2	all	68
47	948	2	all	51
1	948	2	all	0
58	948	0	all	0
68	948	2	all	71
15	948	2	all	15
11	948	2	all	12
35	948	2	all	37
44	948	2	all	48
32	948	2	all	34
39	948	2	all	42
53	948	2	all	58
13	948	2	all	13
40	948	2	all	43
27	948	2	all	30
28	948	2	all	31
34	948	2	all	36
24	948	2	all	25
42	948	2	all	45
16	948	2	all	16
29	948	2	all	32
38	948	2	all	40
2	948	2	all	1
41	948	2	all	44
48	948	2	all	52
12	948	2	all	17
19	948	2	all	21
52	948	2	all	56
25	948	2	all	27
49	948	2	all	53
37	948	2	all	39
18	948	2	all	20
33	948	2	all	35
65	948	2	all	69
9	948	2	all	10
5	948	2	all	5
3	948	2	all	3
26	948	2	all	29
4	948	2	all	4
31	948	2	all	33
22	948	2	all	26
