id	x	y	z
0	597.335693359375	1112.3292236328125	19.903980255126953
1	580.8436889648438	1233.1973876953125	26.19144630432129
2	472.8848876953125	1364.37890625	26.11638832092285
3	603.2979125976562	1186.33740234375	34.387516021728516
4	494.6199645996094	1409.2957763671875	33.714359283447266
5	580.3447265625	1388.1671142578125	37.29048156738281
6	450.3138427734375	1301.2799072265625	44.253719329833984
7	44.00654220581055	1537.039794921875	47.262451171875
8	427.23883056640625	1455.6651611328125	47.99903869628906
