id	x	y	z
0	521.4004516601562	1360.9144287109375	37.95467758178711
1	586.3814086914062	1332.43896484375	38.84781265258789
2	357.6961669921875	1418.9415283203125	44.337711334228516
3	711.2360229492188	1083.835693359375	44.81015396118164
4	422.325439453125	1209.9891357421875	45.23986053466797
5	369.832275390625	1311.4493408203125	45.26748275756836
6	668.42529296875	1278.3924560546875	46.14552688598633
7	590.1409301757812	1137.13916015625	58.29379653930664
8	497.2445983886719	1325.9091796875	57.8006591796875
