id	x	y	z
0	519.0081176757812	1701.0458984375	7.931984901428223
1	411.43841552734375	1691.470703125	14.9537353515625
2	731.1620483398438	1537.8709716796875	17.701215744018555
3	632.8353881835938	1192.4063720703125	21.51371955871582
4	623.098876953125	1109.495849609375	23.23362159729004
5	570.36669921875	1122.279296875	23.349096298217773
6	625.7469482421875	1049.2545166015625	24.01927947998047
7	580.8359985351562	1218.918212890625	24.20806884765625
8	662.3671875	1236.1396484375	24.21896743774414
9	628.9478149414062	1258.793701171875	24.059999465942383
10	597.7744750976562	1061.4033203125	24.754762649536133
11	573.0115356445312	1100.8343505859375	24.793529510498047
12	684.6299438476562	1135.23291015625	24.688617706298828
13	550.9890747070312	1136.49658203125	25.305295944213867
14	507.42999267578125	1171.6527099609375	25.23271369934082
15	518.6654052734375	1176.7808837890625	25.302316665649414
16	685.568359375	1180.1221923828125	25.102113723754883
17	612.2507934570312	1302.310791015625	25.367046356201172
18	670.8721313476562	1037.6776123046875	26.339139938354492
19	641.6390380859375	1069.3837890625	26.541542053222656
20	493.84521484375	1162.1026611328125	25.618547439575195
21	558.8846435546875	1283.9752197265625	25.844364166259766
22	610.6295166015625	1120.6588134765625	27.1962890625
23	602.635498046875	1165.3974609375	27.281747817993164
24	476.71722412109375	1194.4600830078125	27.010072708129883
25	496.4986267089844	1204.2279052734375	27.097984313964844
26	659.3925170898438	1230.9434814453125	27.182607650756836
27	552.144775390625	1031.6566162109375	27.944034576416016
28	724.8500366210938	1081.3533935546875	27.821535110473633
29	707.3970947265625	1169.265625	27.735803604125977
30	628.5244750976562	1222.097900390625	28.284496307373047
31	584.593505859375	1230.9844970703125	28.323015213012695
32	526.130615234375	1312.5518798828125	28.142301559448242
33	492.6417236328125	1131.6806640625	29.017847061157227
34	703.6797485351562	1209.7119140625	29.411434173583984
35	496.0649108886719	1291.0283203125	29.47905921936035
36	699.70458984375	1047.988525390625	30.446044921875
37	596.5313110351562	1138.9652099609375	30.23468780517578
38	716.46142578125	1143.5059814453125	30.32290267944336
39	439.6335754394531	1226.08056640625	29.88715362548828
40	448.9249267578125	1289.9146728515625	30.48828887939453
41	550.5294799804688	1027.518310546875	30.950544357299805
42	514.5395202636719	1067.5257568359375	30.6939697265625
43	515.0230712890625	1352.5885009765625	31.128751754760742
44	463.1446838378906	1146.38037109375	32.341796875
45	536.97509765625	1159.1944580078125	31.855838775634766
46	573.2485961914062	1174.1397705078125	32.10811233520508
47	536.834228515625	1242.6982421875	31.8109073638916
48	676.6626586914062	1262.34326171875	31.657386779785156
49	510.285888671875	1268.656982421875	31.770936965942383
50	581.2534790039062	1273.9407958984375	31.954416275024414
51	423.11285400390625	1309.6993408203125	31.971174240112305
52	447.8621826171875	1346.974609375	31.75162124633789
53	489.0853271484375	1375.2147216796875	32.2735710144043
54	602.93212890625	1107.08056640625	32.85040283203125
55	644.1902465820312	1155.7843017578125	32.594993591308594
56	704.3867797851562	1234.6307373046875	32.55377960205078
57	413.4145202636719	1266.7467041015625	32.93992233276367
58	634.1005859375	1324.232666015625	32.78335189819336
59	408.11602783203125	1765.5400390625	33.00926971435547
60	547.1195678710938	1100.47607421875	33.823699951171875
61	708.5509033203125	1120.5355224609375	34.35894775390625
62	404.64373779296875	1285.1275634765625	34.083160400390625
63	409.836181640625	1343.4010009765625	33.57857131958008
64	634.1284790039062	1032.486572265625	35.37168884277344
65	470.328125	1190.96435546875	34.52103805541992
66	699.7440185546875	1194.6275634765625	35.318016052246094
67	394.85015869140625	1239.4833984375	34.96751403808594
68	552.581787109375	1321.139892578125	35.20309829711914
69	608.1823120117188	1343.513916015625	34.6881217956543
70	445.3077392578125	1404.5069580078125	34.924354553222656
71	566.578369140625	1023.8298950195312	36.37770080566406
72	698.3999633789062	1069.4315185546875	35.8272705078125
73	616.2730102539062	1076.9437255859375	35.6536750793457
74	296.6065979003906	1133.3770751953125	36.49403762817383
75	502.47052001953125	1140.9801025390625	36.358131408691406
76	593.7607421875	1202.6768798828125	36.0858268737793
77	558.3731689453125	1389.218017578125	36.495906829833984
78	587.6326293945312	1137.0482177734375	37.19220733642578
79	518.1403198242188	1162.4178466796875	37.17601013183594
80	357.89447021484375	1356.60986328125	37.20865249633789
81	388.1088562011719	1391.2318115234375	37.264896392822266
82	470.220947265625	1099.272705078125	38.24653244018555
83	523.122802734375	1097.9534912109375	38.288787841796875
84	575.8197021484375	1095.395751953125	37.70534896850586
85	447.3699035644531	1179.8861083984375	38.45158386230469
86	718.0284423828125	1185.83154296875	37.9708366394043
87	542.8929443359375	1265.6754150390625	38.14244079589844
88	673.0850830078125	1292.341552734375	38.23839569091797
89	416.2471618652344	1431.3651123046875	37.62842559814453
90	531.669189453125	1059.45947265625	38.72706985473633
91	685.0643920898438	1108.407470703125	39.448753356933594
92	682.2924194335938	1225.267333984375	38.963470458984375
93	432.989013671875	1234.961181640625	38.897884368896484
94	703.0355834960938	1235.4869384765625	38.66358947753906
95	360.2812805175781	1260.3624267578125	39.01044845581055
96	426.4336853027344	1283.072265625	39.1810417175293
97	589.5901489257812	1282.922607421875	38.677486419677734
98	648.3160400390625	1338.343017578125	39.25553894042969
99	519.7669677734375	1421.081298828125	39.37624740600586
100	355.44683837890625	1294.2996826171875	39.982547760009766
101	414.7339172363281	1313.2000732421875	39.487953186035156
102	351.4801025390625	1412.2193603515625	39.9884033203125
103	474.3085021972656	1445.435546875	40.37361526489258
104	487.0061950683594	1097.8465576171875	40.6218376159668
105	667.267822265625	1155.6927490234375	40.895816802978516
106	538.4979248046875	1163.9532470703125	41.32264709472656
107	403.4765319824219	1181.427978515625	41.21722412109375
108	559.445068359375	1207.3944091796875	41.13706970214844
109	623.5264282226562	1216.055419921875	40.887367248535156
110	486.16741943359375	1252.016845703125	41.187747955322266
111	395.3997802734375	1333.6077880859375	41.39157485961914
112	571.4008178710938	1330.535400390625	41.073402404785156
113	614.6703491210938	1055.4173583984375	42.4563102722168
114	594.6820068359375	1165.7056884765625	42.09311294555664
115	511.1067199707031	1170.52734375	41.8072395324707
116	671.5068969726562	1254.7967529296875	42.49028396606445
117	516.421142578125	1308.96826171875	41.55353927612305
118	325.7593688964844	1380.731689453125	42.12792205810547
119	418.8767395019531	1391.1390380859375	41.726844787597656
120	460.7485046386719	1128.352783203125	43.68449020385742
121	443.19024658203125	1196.513427734375	42.79851150512695
122	385.4266052246094	1212.392578125	42.9898567199707
123	650.9976196289062	1300.5494384765625	42.70842742919922
124	367.5296325683594	1360.35791015625	43.30154037475586
125	571.7456665039062	1407.0115966796875	42.66912841796875
126	356.218017578125	1425.4599609375	43.25761795043945
127	507.8431396484375	1443.2357177734375	43.47900390625
128	571.8009033203125	1091.9073486328125	44.352516174316406
129	362.15771484375	1277.6845703125	44.12321090698242
130	581.5403442382812	1285.542724609375	44.10858917236328
131	464.3987121582031	1306.537109375	44.19316864013672
132	616.5066528320312	1355.545166015625	44.32957458496094
133	404.10394287109375	1450.884521484375	43.55187225341797
134	532.0194091796875	1103.0899658203125	45.45523452758789
135	628.662109375	1096.6597900390625	44.887569427490234
136	681.2514038085938	1182.385986328125	44.783992767333984
137	419.9540100097656	1254.735107421875	44.710479736328125
138	531.2446899414062	1261.7003173828125	45.18031692504883
139	525.83740234375	1353.930908203125	44.50837707519531
140	472.6424865722656	1386.706298828125	44.923702239990234
141	437.50396728515625	1456.57763671875	45.189979553222656
142	489.1430969238281	1133.41943359375	46.22235870361328
143	550.6630859375	1130.6959228515625	45.57313919067383
144	640.90576171875	1174.333740234375	45.771141052246094
145	510.9600830078125	1203.3629150390625	46.26875305175781
146	534.0909423828125	1298.31884765625	46.458961486816406
147	328.0736999511719	1324.648193359375	46.169700622558594
148	657.8860473632812	1138.483154296875	46.66957092285156
149	419.61712646484375	1169.1712646484375	46.34804916381836
150	641.4024658203125	1271.2249755859375	46.90763473510742
151	385.5390930175781	1286.950927734375	46.71190643310547
152	521.0025634765625	1133.79736328125	47.724632263183594
153	635.20263671875	1219.15087890625	48.48593521118164
154	348.47100830078125	1276.0830078125	47.899898529052734
155	523.145751953125	1430.4193115234375	48.18120193481445
156	597.1766357421875	1154.2440185546875	48.51395797729492
157	449.9453125	1164.5223388671875	48.78416061401367
158	539.4371948242188	1221.577392578125	48.68061447143555
159	592.0275268554688	1235.6373291015625	48.966983795166016
160	361.88983154296875	1242.166748046875	48.800785064697266
161	490.902099609375	1244.52587890625	48.5425910949707
162	444.75897216796875	1269.607666015625	48.67947769165039
163	366.61553955078125	1322.1854248046875	48.53565979003906
164	422.94970703125	1357.0701904296875	48.52302551269531
165	445.619140625	1359.111328125	49.403526306152344
166	348.11376953125	1368.30029296875	48.951576232910156
167	499.0935974121094	1438.3177490234375	48.869632720947266
168	53.170310974121094	1453.245849609375	49.096595764160156
169	555.0336303710938	1164.4034423828125	49.96364212036133
170	435.4112548828125	1183.989501953125	50.082462310791016
171	397.1917419433594	1210.825927734375	49.59968185424805
172	593.0296630859375	1274.328369140625	50.014808654785156
173	488.5628356933594	1313.783203125	49.62522506713867
174	591.5517578125	1320.0584716796875	49.81211853027344
175	422.5535583496094	1433.2247314453125	50.30704879760742
176	412.5920715332031	1302.4732666015625	51.27357864379883
177	509.59112548828125	1181.9405517578125	51.58818817138672
178	557.4552612304688	1216.3553466796875	52.06529998779297
179	564.5484008789062	1264.3111572265625	51.99541091918945
180	541.884033203125	1357.693115234375	51.99884033203125
181	486.44873046875	1200.241455078125	52.79574966430664
182	434.0325012207031	1227.2813720703125	53.296226501464844
183	342.8240051269531	1283.734130859375	53.14403533935547
184	385.49688720703125	1380.3204345703125	52.93893051147461
185	510.0497131347656	1239.084716796875	53.76288986206055
186	507.8871154785156	1292.4681396484375	54.22080993652344
187	547.1576538085938	1322.6114501953125	54.03575897216797
188	415.5819091796875	1255.9166259765625	54.937232971191406
189	476.1260070800781	1258.9173583984375	54.94226837158203
190	364.78472900390625	1323.76611328125	55.26420974731445
191	488.501220703125	1394.0428466796875	54.530521392822266
192	504.0677185058594	1743.96484375	55.15672302246094
193	487.52386474609375	1321.3753662109375	55.50154113769531
194	424.54901123046875	1349.476806640625	55.62202835083008
195	444.85321044921875	1401.4664306640625	55.56409454345703
196	263.71630859375	1199.755859375	57.25442123413086
197	418.8342590332031	1301.7823486328125	56.98408889770508
198	390.0143737792969	1327.1646728515625	56.788700103759766
