id	x	y	z
0	369.28765869140625	1377.5303955078125	19.63434410095215
1	384.14752197265625	1247.80419921875	23.15903091430664
2	410.8245544433594	1203.2193603515625	25.841230392456055
3	511.38519287109375	1335.888671875	29.402406692504883
4	567.0230102539062	1307.189697265625	34.516502380371094
5	382.02716064453125	1295.071533203125	38.684627532958984
6	405.53607177734375	1093.9754638671875	40.792381286621094
7	526.2645874023438	1157.6019287109375	43.60011672973633
8	565.3688354492188	1046.217529296875	48.490516662597656
