id	x	y	z
0	153.6151885986328	1435.453369140625	13.811307907104492
1	725.2130126953125	1878.1630859375	22.240175247192383
2	654.0732421875	1670.785888671875	25.45885467529297
3	772.2594604492188	1682.383544921875	30.515010833740234
4	362.33966064453125	898.086181640625	32.39384841918945
5	806.1154174804688	1874.1666259765625	31.604412078857422
6	484.47601318359375	1747.514892578125	34.085426330566406
7	788.6099243164062	1518.64013671875	52.36972427368164
8	327.54791259765625	1726.3343505859375	52.63850402832031
