id	x	y	z
0	154.29319763183594	1434.7130126953125	14.170289993286133
1	725.8568115234375	1877.330322265625	22.61864471435547
2	654.8564453125	1669.7989501953125	25.72219467163086
3	772.810302734375	1681.6929931640625	30.914709091186523
4	806.29345703125	1872.598876953125	31.913373947143555
5	362.640625	896.7964477539062	32.54045104980469
6	485.0298767089844	1746.7672119140625	34.4190788269043
7	789.853515625	1517.9151611328125	52.59917449951172
8	327.4839172363281	1725.528564453125	52.95225143432617
