id	x	y	z
0	165.57151794433594	648.218994140625	6.079483985900879
1	55.191097259521484	1044.0216064453125	11.687860488891602
2	161.24990844726562	1441.875244140625	14.71862506866455
3	662.5489501953125	1677.8416748046875	26.45694351196289
4	369.70556640625	906.2587890625	33.28407287597656
5	493.029052734375	1755.0555419921875	34.96306610107422
6	753.6909790039062	1336.32958984375	38.25206756591797
7	798.2853393554688	1525.652587890625	53.269378662109375
8	337.09442138671875	1732.4031982421875	53.572425842285156
